Time[s],Rotational_speed[rpm],Status
0000.0000,11.41,1
0000.1639,11.41,1
0000.3278,11.41,1
0000.4917,11.41,1
0000.6556,11.42,1
0000.8194,11.42,1
0000.9833,11.42,1
0001.1472,11.42,1
0001.3111,11.42,1
0001.4750,11.42,1
0001.6389,11.42,1
0001.8028,11.42,1
0001.9667,11.42,1
0002.1306,11.42,1
0002.2945,11.41,1
0002.4583,11.41,1
0002.6222,11.41,1
0002.7861,11.41,1
0002.9500,11.41,1
0003.1139,11.41,1
0003.2778,11.40,1
0003.4417,11.40,1
0003.6056,11.40,1
0003.7695,11.40,1
0003.9334,11.39,1
0004.0972,11.39,1
0004.2611,11.39,1
0004.4250,11.39,1
0004.5889,11.39,1
0004.7528,11.39,1
0004.9167,11.38,1
0005.0806,11.38,1
0005.2445,11.37,1
0005.4084,11.37,1
0005.5722,11.36,1
0005.7361,11.36,1
0005.9000,11.35,1
0006.0639,11.35,1
0006.2278,11.34,1
0006.3917,11.34,1
0006.5556,11.32,1
0006.7195,11.32,1
0006.8834,11.31,1
0007.0473,11.30,1
0007.2111,11.30,1
0007.3750,11.30,1
0007.5389,11.29,1
0007.7028,11.28,1
0007.8667,11.28,1
0008.0306,11.27,1
0008.1945,11.26,1
0008.3584,11.26,1
0008.5223,11.25,1
0008.6862,11.24,1
0008.8500,11.23,1
0009.0139,11.22,1
0009.1778,11.22,1
0009.3417,11.21,1
0009.5056,11.21,1
0009.6695,11.20,1
0009.8334,11.19,1
0009.9973,11.18,1
0010.1612,11.17,1
0010.3250,11.17,1
0010.4889,11.16,1
0010.6528,11.15,1
0010.8167,11.14,1
0010.9806,11.14,1
0011.1445,11.13,1
0011.3084,11.13,1
0011.4723,11.12,1
0011.6362,11.11,1
0011.8001,11.11,1
0011.9639,11.10,1
0012.1278,11.09,1
0012.2917,11.08,1
0012.4556,11.08,1
0012.6195,11.07,1
0012.7834,11.07,1
0012.9473,11.06,1
0013.1112,11.06,1
0013.2751,11.05,1
0013.4390,11.05,1
0013.6028,11.04,1
0013.7667,11.03,1
0013.9306,11.03,1
0014.0945,11.02,1
0014.2584,11.02,1
0014.4223,11.02,1
0014.5862,11.02,1
0014.7501,11.02,1
0014.9140,11.02,1
0015.0778,11.02,1
0015.2417,11.02,1
0015.4056,11.02,1
0015.5695,11.02,1
0015.7334,11.02,1
0015.8973,11.02,1
0016.0612,11.02,1
0016.2251,11.02,1
0016.3890,11.02,1
0016.5529,11.02,1
0016.7167,11.03,1
0016.8806,11.03,1
0017.0445,11.03,1
0017.2084,11.03,1
0017.3723,11.04,1
0017.5362,11.04,1
0017.7001,11.04,1
0017.8640,11.05,1
0018.0279,11.05,1
0018.1918,11.06,1
0018.3556,11.07,1
0018.5195,11.07,1
0018.6834,11.08,1
0018.8473,11.09,1
0019.0112,11.09,1
0019.1751,11.10,1
0019.3390,11.10,1
0019.5029,11.11,1
0019.6668,11.11,1
0019.8306,11.12,1
0019.9945,11.13,1
0020.1584,11.14,1
0020.3223,11.14,1
0020.4862,11.15,1
0020.6501,11.16,1
0020.8140,11.16,1
0020.9779,11.17,1
0021.1418,11.18,1
0021.3057,11.18,1
0021.4695,11.19,1
0021.6334,11.20,1
0021.7973,11.21,1
0021.9612,11.21,1
0022.1251,11.22,1
0022.2890,11.23,1
0022.4529,11.23,1
0022.6168,11.24,1
0022.7807,11.25,1
0022.9446,11.26,1
0023.1084,11.27,1
0023.2723,11.27,1
0023.4362,11.28,1
0023.6001,11.29,1
0023.7640,11.29,1
0023.9279,11.30,1
0024.0918,11.31,1
0024.2557,11.32,1
0024.4196,11.32,1
0024.5834,11.33,1
0024.7473,11.34,1
0024.9112,11.35,1
0025.0751,11.35,1
0025.2390,11.36,1
0025.4029,11.37,1
0025.5668,11.38,1
0025.7307,11.38,1
0025.8946,11.40,1
0026.0585,11.40,1
0026.2223,11.41,1
0026.3862,11.41,1
0026.5501,11.42,1
0026.7140,11.42,1
0026.8779,11.43,1
0027.0418,11.44,1
0027.2057,11.45,1
0027.3696,11.45,1
0027.5335,11.46,1
0027.6974,11.46,1
0027.8612,11.47,1
0028.0251,11.47,1
0028.1890,11.48,1
0028.3529,11.48,1
0028.5168,11.49,1
0028.6807,11.50,1
0028.8446,11.51,1
0029.0085,11.51,1
0029.1724,11.52,1
0029.3362,11.52,1
0029.5001,11.53,1
0029.6640,11.53,1
0029.8279,11.53,1
0029.9918,11.54,1
0030.1557,11.54,1
0030.3196,11.55,1
0030.4835,11.55,1
0030.6474,11.56,1
0030.8113,11.56,1
0030.9751,11.56,1
0031.1390,11.57,1
0031.3029,11.57,1
0031.4668,11.58,1
0031.6307,11.59,1
0031.7946,11.59,1
0031.9585,11.60,1
0032.1224,11.60,1
0032.2863,11.61,1
0032.4502,11.61,1
0032.6140,11.61,1
0032.7779,11.61,1
0032.9418,11.62,1
0033.1057,11.62,1
0033.2696,11.62,1
0033.4335,11.62,1
0033.5974,11.63,1
0033.7613,11.63,1
0033.9252,11.63,1
0034.0890,11.64,1
0034.2529,11.64,1
0034.4168,11.64,1
0034.5807,11.64,1
0034.7446,11.64,1
0034.9085,11.65,1
0035.0724,11.65,1
0035.2363,11.65,1
0035.4002,11.66,1
0035.5641,11.66,1
0035.7279,11.66,1
0035.8918,11.66,1
0036.0557,11.66,1
0036.2196,11.67,1
0036.3835,11.66,1
0036.5474,11.66,1
0036.7113,11.66,1
0036.8752,11.66,1
0037.0391,11.67,1
0037.2030,11.67,1
0037.3668,11.67,1
0037.5307,11.67,1
0037.6946,11.67,1
0037.8585,11.67,1
0038.0224,11.67,1
0038.1863,11.67,1
0038.3502,11.67,1
0038.5141,11.68,1
0038.6780,11.68,1
0038.8418,11.68,1
0039.0057,11.68,1
0039.1696,11.68,1
0039.3335,11.68,1
0039.4974,11.69,1
0039.6613,11.69,1
0039.8252,11.68,1
0039.9891,11.68,1
0040.1530,11.68,1
0040.3169,11.68,1
0040.4807,11.68,1
0040.6446,11.68,1
0040.8085,11.68,1
0040.9724,11.68,1
0041.1363,11.69,1
0041.3002,11.69,1
0041.4641,11.69,1
0041.6280,11.69,1
0041.7919,11.69,1
0041.9557,11.69,1
0042.1196,11.69,1
0042.2835,11.70,1
0042.4474,11.69,1
0042.6113,11.69,1
0042.7752,11.69,1
0042.9391,11.69,1
0043.1030,11.69,1
0043.2669,11.68,1
0043.4308,11.68,1
0043.5946,11.68,1
0043.7585,11.68,1
0043.9224,11.68,1
0044.0863,11.68,1
0044.2502,11.68,1
0044.4141,11.68,1
0044.5780,11.68,1
0044.7419,11.68,1
0044.9058,11.68,1
0045.0697,11.68,1
0045.2335,11.67,1
0045.3974,11.67,1
0045.5613,11.68,1
0045.7252,11.67,1
0045.8891,11.67,1
0046.0530,11.67,1
0046.2169,11.67,1
0046.3808,11.67,1
0046.5447,11.67,1
0046.7085,11.66,1
0046.8724,11.66,1
0047.0363,11.66,1
0047.2002,11.66,1
0047.3641,11.66,1
0047.5280,11.66,1
0047.6919,11.66,1
0047.8558,11.66,1
0048.0197,11.66,1
0048.1836,11.66,1
0048.3474,11.66,1
0048.5113,11.66,1
0048.6752,11.66,1
0048.8391,11.66,1
0049.0030,11.66,1
0049.1669,11.66,1
0049.3308,11.66,1
0049.4947,11.66,1
0049.6586,11.66,1
0049.8225,11.66,1
0049.9863,11.66,1
0050.1502,11.66,1
0050.3141,11.65,1
0050.4780,11.65,1
0050.6419,11.66,1
0050.8058,11.66,1
0050.9697,11.66,1
0051.1336,11.66,1
0051.2975,11.66,1
0051.4613,11.66,1
0051.6252,11.67,1
0051.7891,11.67,1
0051.9530,11.67,1
0052.1169,11.67,1
0052.2808,11.67,1
0052.4447,11.67,1
0052.6086,11.67,1
0052.7725,11.67,1
0052.9364,11.67,1
0053.1002,11.66,1
0053.2641,11.66,1
0053.4280,11.66,1
0053.5919,11.66,1
0053.7558,11.66,1
0053.9197,11.66,1
0054.0836,11.66,1
0054.2475,11.66,1
0054.4114,11.66,1
0054.5753,11.66,1
0054.7391,11.67,1
0054.9030,11.67,1
0055.0669,11.67,1
0055.2308,11.66,1
0055.3947,11.66,1
0055.5586,11.66,1
0055.7225,11.66,1
0055.8864,11.66,1
0056.0503,11.66,1
0056.2141,11.66,1
0056.3780,11.66,1
0056.5419,11.67,1
0056.7058,11.67,1
0056.8697,11.67,1
0057.0336,11.66,1
0057.1975,11.66,1
0057.3614,11.67,1
0057.5253,11.67,1
0057.6892,11.67,1
0057.8530,11.67,1
0058.0169,11.67,1
0058.1808,11.67,1
0058.3447,11.68,1
0058.5086,11.68,1
0058.6725,11.68,1
0058.8364,11.67,1
0059.0003,11.67,1
0059.1642,11.67,1
0059.3281,11.68,1
0059.4919,11.67,1
0059.6558,11.67,1
0059.8197,11.67,1
0059.9836,11.68,1
0060.1475,11.68,1
0060.3114,11.68,1
0060.4753,11.67,1
0060.6392,11.67,1
0060.8031,11.67,1
0060.9669,11.67,1
0061.1308,11.67,1
0061.2947,11.67,1
0061.4586,11.67,1
0061.6225,11.68,1
0061.7864,11.68,1
0061.9503,11.68,1
0062.1142,11.68,1
0062.2781,11.68,1
0062.4420,11.68,1
0062.6058,11.67,1
0062.7697,11.68,1
0062.9336,11.67,1
0063.0975,11.67,1
0063.2614,11.67,1
0063.4253,11.67,1
0063.5892,11.67,1
0063.7531,11.67,1
0063.9170,11.67,1
0064.0809,11.66,1
0064.2447,11.66,1
0064.4086,11.66,1
0064.5725,11.67,1
0064.7364,11.67,1
0064.9003,11.67,1
0065.0642,11.67,1
0065.2281,11.67,1
0065.3920,11.67,1
0065.5559,11.67,1
0065.7197,11.67,1
0065.8836,11.67,1
0066.0475,11.67,1
0066.2114,11.68,1
0066.3753,11.68,1
0066.5392,11.68,1
0066.7031,11.68,1
0066.8670,11.68,1
0067.0309,11.69,1
0067.1948,11.69,1
0067.3586,11.69,1
0067.5225,11.69,1
0067.6864,11.70,1
0067.8503,11.70,1
0068.0142,11.70,1
0068.1781,11.70,1
0068.3420,11.70,1
0068.5059,11.70,1
0068.6698,11.71,1
0068.8337,11.71,1
0068.9975,11.71,1
0069.1614,11.71,1
0069.3253,11.71,1
0069.4892,11.71,1
0069.6531,11.71,1
0069.8170,11.71,1
0069.9809,11.71,1
0070.1448,11.71,1
0070.3087,11.72,1
0070.4725,11.72,1
0070.6364,11.72,1
0070.8003,11.72,1
0070.9642,11.72,1
0071.1281,11.72,1
0071.2920,11.72,1
0071.4559,11.72,1
0071.6198,11.72,1
0071.7837,11.72,1
0071.9476,11.73,1
0072.1114,11.73,1
0072.2753,11.73,1
0072.4392,11.73,1
0072.6031,11.73,1
0072.7670,11.73,1
0072.9309,11.74,1
0073.0948,11.74,1
0073.2587,11.73,1
0073.4226,11.73,1
0073.5865,11.73,1
0073.7503,11.74,1
0073.9142,11.74,1
0074.0781,11.74,1
0074.2420,11.73,1
0074.4059,11.74,1
0074.5698,11.74,1
0074.7337,11.75,1
0074.8976,11.75,1
0075.0615,11.75,1
0075.2253,11.75,1
0075.3892,11.75,1
0075.5531,11.75,1
0075.7170,11.75,1
0075.8809,11.75,1
0076.0448,11.75,1
0076.2087,11.75,1
0076.3726,11.75,1
0076.5365,11.75,1
0076.7004,11.75,1
0076.8642,11.75,1
0077.0281,11.75,1
0077.1920,11.76,1
0077.3559,11.76,1
0077.5198,11.76,1
0077.6837,11.76,1
0077.8476,11.76,1
0078.0115,11.77,1
0078.1754,11.77,1
0078.3393,11.77,1
0078.5031,11.77,1
0078.6670,11.77,1
0078.8309,11.77,1
0078.9948,11.77,1
0079.1587,11.77,1
0079.3226,11.76,1
0079.4865,11.76,1
0079.6504,11.76,1
0079.8143,11.76,1
0079.9781,11.76,1
0080.1420,11.77,1
0080.3059,11.76,1
0080.4698,11.76,1
0080.6337,11.77,1
0080.7976,11.77,1
0080.9615,11.76,1
0081.1254,11.76,1
0081.2893,11.77,1
0081.4532,11.77,1
0081.6170,11.77,1
0081.7809,11.77,1
0081.9448,11.77,1
0082.1087,11.77,1
0082.2726,11.77,1
0082.4365,11.78,1
0082.6004,11.77,1
0082.7643,11.77,1
0082.9282,11.77,1
0083.0921,11.77,1
0083.2559,11.77,1
0083.4198,11.77,1
0083.5837,11.77,1
0083.7476,11.77,1
0083.9115,11.77,1
0084.0754,11.77,1
0084.2393,11.77,1
0084.4032,11.77,1
0084.5671,11.77,1
0084.7309,11.77,1
0084.8948,11.77,1
0085.0587,11.77,1
0085.2226,11.77,1
0085.3865,11.77,1
0085.5504,11.77,1
0085.7143,11.77,1
0085.8782,11.77,1
0086.0421,11.77,1
0086.2060,11.77,1
0086.3698,11.77,1
0086.5337,11.77,1
0086.6976,11.76,1
0086.8615,11.76,1
0087.0254,11.76,1
0087.1893,11.76,1
0087.3532,11.76,1
0087.5171,11.77,1
0087.6810,11.76,1
0087.8449,11.76,1
0088.0087,11.76,1
0088.1726,11.76,1
0088.3365,11.76,1
0088.5004,11.76,1
0088.6643,11.76,1
0088.8282,11.75,1
0088.9921,11.75,1
0089.1560,11.75,1
0089.3199,11.75,1
0089.4837,11.74,1
0089.6476,11.74,1
0089.8115,11.74,1
0089.9754,11.74,1
0090.1393,11.74,1
0090.3032,11.74,1
0090.4671,11.74,1
0090.6310,11.74,1
0090.7949,11.74,1
0090.9588,11.74,1
0091.1226,11.73,1
0091.2865,11.73,1
0091.4504,11.73,1
0091.6143,11.73,1
0091.7782,11.73,1
0091.9421,11.73,1
0092.1060,11.73,1
0092.2699,11.73,1
0092.4338,11.73,1
0092.5977,11.73,1
0092.7615,11.72,1
0092.9254,11.72,1
0093.0893,11.72,1
0093.2532,11.72,1
0093.4171,11.72,1
0093.5810,11.71,1
0093.7449,11.71,1
0093.9088,11.71,1
0094.0727,11.70,1
0094.2365,11.71,1
0094.4004,11.70,1
0094.5643,11.70,1
0094.7282,11.70,1
0094.8921,11.69,1
0095.0560,11.69,1
0095.2199,11.69,1
0095.3838,11.69,1
0095.5477,11.69,1
0095.7116,11.69,1
0095.8754,11.68,1
0096.0393,11.68,1
0096.2032,11.67,1
0096.3671,11.67,1
0096.5310,11.67,1
0096.6949,11.66,1
0096.8588,11.66,1
0097.0227,11.66,1
0097.1866,11.66,1
0097.3505,11.66,1
0097.5143,11.66,1
0097.6782,11.66,1
0097.8421,11.65,1
0098.0060,11.65,1
0098.1699,11.65,1
0098.3338,11.65,1
0098.4977,11.65,1
0098.6616,11.65,1
0098.8255,11.65,1
0098.9893,11.65,1
0099.1532,11.64,1
0099.3171,11.65,1
0099.4810,11.64,1
0099.6449,11.63,1
0099.8088,11.63,1
0099.9727,11.63,1
0100.1366,11.63,1
0100.3005,11.63,1
0100.4644,11.63,1
0100.6282,11.63,1
0100.7921,11.64,1
0100.9560,11.64,1
0101.1199,11.64,1
0101.2838,11.64,1
0101.4477,11.64,1
0101.6116,11.64,1
0101.7755,11.64,1
0101.9394,11.64,1
0102.1033,11.64,1
0102.2671,11.64,1
0102.4310,11.64,1
0102.5949,11.64,1
0102.7588,11.65,1
0102.9227,11.65,1
0103.0866,11.64,1
0103.2505,11.64,1
0103.4144,11.64,1
0103.5783,11.65,1
0103.7421,11.65,1
0103.9060,11.65,1
0104.0699,11.65,1
0104.2338,11.64,1
0104.3977,11.65,1
0104.5616,11.65,1
0104.7255,11.65,1
0104.8894,11.64,1
0105.0533,11.64,1
0105.2172,11.65,1
0105.3810,11.65,1
0105.5449,11.65,1
0105.7088,11.65,1
0105.8727,11.65,1
0106.0366,11.65,1
0106.2005,11.65,1
0106.3644,11.65,1
0106.5283,11.64,1
0106.6922,11.64,1
0106.8561,11.64,1
0107.0199,11.64,1
0107.1838,11.64,1
0107.3477,11.64,1
0107.5116,11.64,1
0107.6755,11.64,1
0107.8394,11.64,1
0108.0033,11.64,1
0108.1672,11.64,1
0108.3311,11.64,1
0108.4949,11.64,1
0108.6588,11.64,1
0108.8227,11.64,1
0108.9866,11.64,1
0109.1505,11.63,1
0109.3144,11.63,1
0109.4783,11.63,1
0109.6422,11.63,1
0109.8061,11.63,1
0109.9700,11.63,1
0110.1338,11.63,1
0110.2977,11.63,1
0110.4616,11.63,1
0110.6255,11.63,1
0110.7894,11.63,1
0110.9533,11.63,1
0111.1172,11.63,1
0111.2811,11.63,1
0111.4450,11.63,1
0111.6089,11.63,1
0111.7727,11.63,1
0111.9366,11.63,1
0112.1005,11.63,1
0112.2644,11.63,1
0112.4283,11.63,1
0112.5922,11.62,1
0112.7561,11.62,1
0112.9200,11.62,1
0113.0839,11.62,1
0113.2477,11.62,1
0113.4116,11.62,1
0113.5755,11.62,1
0113.7394,11.62,1
0113.9033,11.62,1
0114.0672,11.62,1
0114.2311,11.62,1
0114.3950,11.61,1
0114.5589,11.61,1
0114.7228,11.61,1
0114.8866,11.61,1
0115.0505,11.61,1
0115.2144,11.61,1
0115.3783,11.60,1
0115.5422,11.60,1
0115.7061,11.60,1
0115.8700,11.60,1
0116.0339,11.60,1
0116.1978,11.60,1
0116.3616,11.60,1
0116.5255,11.60,1
0116.6894,11.60,1
0116.8533,11.60,1
0117.0172,11.59,1
0117.1811,11.59,1
0117.3450,11.59,1
0117.5089,11.59,1
0117.6728,11.60,1
0117.8367,11.60,1
0118.0005,11.60,1
0118.1644,11.60,1
0118.3283,11.60,1
0118.4922,11.60,1
0118.6561,11.60,1
0118.8200,11.60,1
0118.9839,11.60,1
0119.1478,11.60,1
0119.3117,11.60,1
0119.4756,11.60,1
0119.6394,11.60,1
0119.8033,11.60,1
0119.9672,11.60,1
0120.1311,11.60,1
0120.2950,11.60,1
0120.4589,11.60,1
0120.6228,11.60,1
0120.7867,11.60,1
0120.9506,11.60,1
0121.1144,11.60,1
0121.2783,11.61,1
0121.4422,11.61,1
0121.6061,11.61,1
0121.7700,11.61,1
0121.9339,11.61,1
0122.0978,11.61,1
0122.2617,11.61,1
0122.4256,11.61,1
0122.5895,11.61,1
0122.7533,11.61,1
0122.9172,11.61,1
0123.0811,11.61,1
0123.2450,11.61,1
0123.4089,11.61,1
0123.5728,11.61,1
0123.7367,11.61,1
0123.9006,11.61,1
0124.0645,11.61,1
0124.2284,11.62,1
0124.3922,11.62,1
0124.5561,11.62,1
0124.7200,11.62,1
0124.8839,11.61,1
0125.0478,11.62,1
0125.2117,11.62,1
0125.3756,11.62,1
0125.5395,11.62,1
0125.7034,11.62,1
0125.8672,11.62,1
0126.0311,11.62,1
0126.1950,11.62,1
0126.3589,11.62,1
0126.5228,11.62,1
0126.6867,11.62,1
0126.8506,11.62,1
0127.0145,11.63,1
0127.1784,11.63,1
0127.3423,11.63,1
0127.5061,11.63,1
0127.6700,11.63,1
0127.8339,11.63,1
0127.9978,11.64,1
0128.1617,11.64,1
0128.3256,11.64,1
0128.4895,11.64,1
0128.6534,11.64,1
0128.8173,11.64,1
0128.9812,11.64,1
0129.1450,11.64,1
0129.3089,11.64,1
0129.4728,11.64,1
0129.6367,11.64,1
0129.8006,11.64,1
0129.9645,11.64,1
0130.1284,11.64,1
0130.2923,11.64,1
0130.4562,11.64,1
0130.6200,11.64,1
0130.7839,11.64,1
0130.9478,11.64,1
0131.1117,11.64,1
0131.2756,11.64,1
0131.4395,11.64,1
0131.6034,11.64,1
0131.7673,11.64,1
0131.9312,11.65,1
0132.0951,11.65,1
0132.2589,11.65,1
0132.4228,11.65,1
0132.5867,11.65,1
0132.7506,11.65,1
0132.9145,11.65,1
0133.0784,11.65,1
0133.2423,11.65,1
0133.4062,11.64,1
0133.5701,11.65,1
0133.7340,11.65,1
0133.8978,11.65,1
0134.0617,11.65,1
0134.2256,11.65,1
0134.3895,11.65,1
0134.5534,11.65,1
0134.7173,11.65,1
0134.8812,11.66,1
0135.0451,11.66,1
0135.2090,11.65,1
0135.3728,11.65,1
0135.5367,11.66,1
0135.7006,11.66,1
0135.8645,11.66,1
0136.0284,11.66,1
0136.1923,11.66,1
0136.3562,11.66,1
0136.5201,11.66,1
0136.6840,11.66,1
0136.8479,11.66,1
0137.0117,11.66,1
0137.1756,11.66,1
0137.3395,11.66,1
0137.5034,11.66,1
0137.6673,11.67,1
0137.8312,11.67,1
0137.9951,11.67,1
0138.1590,11.67,1
0138.3229,11.67,1
0138.4868,11.67,1
0138.6506,11.67,1
0138.8145,11.67,1
0138.9784,11.68,1
0139.1423,11.68,1
0139.3062,11.68,1
0139.4701,11.68,1
0139.6340,11.68,1
0139.7979,11.68,1
0139.9618,11.68,1
0140.1256,11.68,1
0140.2895,11.68,1
0140.4534,11.68,1
0140.6173,11.69,1
0140.7812,11.68,1
0140.9451,11.68,1
0141.1090,11.69,1
0141.2729,11.69,1
0141.4368,11.69,1
0141.6007,11.70,1
0141.7645,11.70,1
0141.9284,11.70,1
0142.0923,11.70,1
0142.2562,11.70,1
0142.4201,11.70,1
0142.5840,11.70,1
0142.7479,11.70,1
0142.9118,11.70,1
0143.0757,11.71,1
0143.2396,11.71,1
0143.4034,11.71,1
0143.5673,11.71,1
0143.7312,11.71,1
0143.8951,11.72,1
0144.0590,11.72,1
0144.2229,11.72,1
0144.3868,11.72,1
0144.5507,11.72,1
0144.7146,11.73,1
0144.8784,11.73,1
0145.0423,11.73,3
0145.2062,11.73,3
0145.3701,11.73,3
0145.5340,11.73,3
0145.6979,11.73,3
0145.8618,11.73,3
0146.0257,11.73,3
0146.1896,11.73,3
0146.3535,11.73,3
0146.5173,11.73,3
0146.6812,11.73,3
0146.8451,11.73,3
0147.0090,11.73,3
0147.1729,11.73,3
0147.3368,11.73,3
0147.5007,11.73,3
0147.6646,11.73,3
0147.8285,11.73,3
0147.9924,11.73,3
0148.1562,11.73,3
0148.3201,11.73,3
0148.4840,11.73,3
0148.6479,11.73,3
0148.8118,11.73,3
0148.9757,11.73,3
0149.1396,11.73,3
0149.3035,11.73,3
0149.4674,11.72,3
0149.6312,11.72,3
0149.7951,11.72,3
0149.9590,11.72,3
0150.1229,11.72,3
0150.2868,11.72,3
0150.4507,11.72,3
0150.6146,11.72,3
0150.7785,11.73,3
0150.9424,11.73,3
0151.1063,11.72,3
0151.2701,11.72,3
0151.4340,11.73,3
0151.5979,11.73,3
0151.7618,11.73,3
0151.9257,11.73,3
0152.0896,11.73,3
0152.2535,11.73,3
0152.4174,11.73,3
0152.5813,11.73,3
0152.7452,11.73,3
0152.9090,11.72,3
0153.0729,11.72,3
0153.2368,11.72,3
0153.4007,11.73,3
0153.5646,11.73,3
0153.7285,11.73,3
0153.8924,11.73,3
0154.0563,11.73,3
0154.2202,11.73,3
0154.3840,11.73,3
0154.5479,11.73,3
0154.7118,11.73,3
0154.8757,11.73,3
0155.0396,11.74,3
0155.2035,11.74,3
0155.3674,11.74,3
0155.5313,11.74,3
0155.6952,11.74,3
0155.8591,11.74,3
0156.0229,11.74,3
0156.1868,11.74,3
0156.3507,11.73,3
0156.5146,11.73,3
0156.6785,11.73,3
0156.8424,11.74,3
0157.0063,11.74,3
0157.1702,11.74,3
0157.3341,11.74,3
0157.4980,11.74,3
0157.6618,11.75,3
0157.8257,11.75,3
0157.9896,11.75,3
0158.1535,11.75,3
0158.3174,11.75,3
0158.4813,11.75,3
0158.6452,11.75,3
0158.8091,11.75,3
0158.9730,11.75,3
0159.1368,11.75,3
0159.3007,11.75,3
0159.4646,11.75,3
0159.6285,11.75,3
0159.7924,11.75,3
0159.9563,11.75,3
0160.1202,11.75,3
0160.2841,11.75,3
0160.4480,11.75,3
0160.6119,11.75,3
0160.7757,11.75,3
0160.9396,11.75,3
0161.1035,11.75,3
0161.2674,11.74,3
0161.4313,11.74,3
0161.5952,11.74,3
0161.7591,11.74,3
0161.9230,11.74,3
0162.0869,11.74,3
0162.2508,11.74,3
0162.4146,11.75,3
0162.5785,11.75,3
0162.7424,11.75,3
0162.9063,11.74,3
0163.0702,11.74,3
0163.2341,11.73,3
0163.3980,11.73,3
0163.5619,11.74,3
0163.7258,11.74,3
0163.8896,11.74,3
0164.0535,11.74,3
0164.2174,11.74,3
0164.3813,11.74,3
0164.5452,11.74,3
0164.7091,11.74,3
0164.8730,11.74,3
0165.0369,11.74,3
0165.2008,11.74,3
0165.3647,11.74,3
0165.5285,11.74,3
0165.6924,11.74,3
0165.8563,11.74,3
0166.0202,11.74,3
0166.1841,11.74,3
0166.3480,11.74,3
0166.5119,11.73,3
0166.6758,11.73,3
0166.8397,11.73,3
0167.0036,11.73,3
0167.1674,11.74,3
0167.3313,11.74,3
0167.4952,11.74,3
0167.6591,11.74,3
0167.8230,11.74,3
0167.9869,11.74,3
0168.1508,11.74,3
0168.3147,11.73,3
0168.4786,11.73,3
0168.6424,11.74,3
0168.8063,11.74,3
0168.9702,11.74,3
0169.1341,11.74,3
0169.2980,11.74,3
0169.4619,11.74,3
0169.6258,11.74,3
0169.7897,11.74,3
0169.9536,11.74,3
0170.1175,11.74,3
0170.2813,11.74,3
0170.4452,11.74,3
0170.6091,11.74,3
0170.7730,11.75,3
0170.9369,11.75,3
0171.1008,11.75,3
0171.2647,11.75,3
0171.4286,11.75,3
0171.5925,11.75,3
0171.7564,11.75,3
0171.9202,11.75,3
0172.0841,11.75,3
0172.2480,11.75,3
0172.4119,11.75,3
0172.5758,11.75,3
0172.7397,11.75,3
0172.9036,11.75,3
0173.0675,11.75,3
0173.2314,11.75,3
0173.3952,11.74,3
0173.5591,11.74,3
0173.7230,11.74,3
0173.8869,11.74,3
0174.0508,11.74,3
0174.2147,11.74,3
0174.3786,11.74,3
0174.5425,11.74,3
0174.7064,11.74,3
0174.8703,11.74,3
0175.0341,11.74,3
0175.1980,11.74,3
0175.3619,11.74,3
0175.5258,11.74,3
0175.6897,11.74,3
0175.8536,11.73,3
0176.0175,11.73,3
0176.1814,11.73,3
0176.3453,11.73,3
0176.5092,11.72,3
0176.6730,11.72,3
0176.8369,11.71,3
0177.0008,11.71,3
0177.1647,11.71,3
0177.3286,11.71,3
0177.4925,11.71,3
0177.6564,11.71,3
0177.8203,11.71,3
0177.9842,11.71,3
0178.1480,11.70,3
0178.3119,11.70,3
0178.4758,11.70,3
0178.6397,11.70,3
0178.8036,11.70,3
0178.9675,11.70,3
0179.1314,11.69,3
0179.2953,11.69,3
0179.4592,11.69,3
0179.6231,11.69,3
0179.7869,11.69,3
0179.9508,11.69,3
0180.1147,11.68,3
0180.2786,11.68,3
0180.4425,11.68,3
0180.6064,11.68,3
0180.7703,11.69,3
0180.9342,11.68,3
0181.0981,11.68,3
0181.2620,11.68,3
0181.4258,11.68,3
0181.5897,11.69,3
0181.7536,11.68,3
0181.9175,11.68,3
0182.0814,11.68,3
0182.2453,11.69,3
0182.4092,11.69,3
0182.5731,11.69,3
0182.7370,11.69,3
0182.9008,11.69,3
0183.0647,11.69,3
0183.2286,11.69,3
0183.3925,11.69,3
0183.5564,11.68,3
0183.7203,11.68,3
0183.8842,11.68,3
0184.0481,11.68,3
0184.2120,11.68,3
0184.3759,11.69,3
0184.5397,11.69,3
0184.7036,11.69,3
0184.8675,11.69,3
0185.0314,11.69,3
0185.1953,11.69,3
0185.3592,11.69,3
0185.5231,11.69,3
0185.6870,11.69,3
0185.8509,11.69,3
0186.0148,11.69,3
0186.1786,11.68,3
0186.3425,11.68,3
0186.5064,11.68,3
0186.6703,11.68,3
0186.8342,11.68,3
0186.9981,11.68,3
0187.1620,11.67,3
0187.3259,11.67,3
0187.4898,11.67,3
0187.6536,11.67,3
0187.8175,11.67,3
0187.9814,11.67,3
0188.1453,11.67,3
0188.3092,11.67,3
0188.4731,11.67,3
0188.6370,11.67,3
0188.8009,11.67,3
0188.9648,11.67,3
0189.1287,11.67,3
0189.2925,11.66,3
0189.4564,11.66,3
0189.6203,11.66,3
0189.7842,11.66,3
0189.9481,11.66,3
0190.1120,11.66,3
0190.2759,11.66,3
0190.4398,11.66,3
0190.6037,11.66,3
0190.7675,11.66,3
0190.9314,11.66,3
0191.0953,11.66,3
0191.2592,11.66,3
0191.4231,11.66,3
0191.5870,11.66,3
0191.7509,11.66,3
0191.9148,11.65,3
0192.0787,11.65,3
0192.2426,11.65,3
0192.4064,11.65,3
0192.5703,11.65,3
0192.7342,11.65,3
0192.8981,11.65,3
0193.0620,11.65,3
0193.2259,11.65,3
0193.3898,11.65,3
0193.5537,11.65,3
0193.7176,11.64,3
0193.8815,11.64,3
0194.0453,11.64,3
0194.2092,11.64,3
0194.3731,11.64,3
0194.5370,11.64,3
0194.7009,11.64,3
0194.8648,11.64,3
0195.0287,11.64,3
0195.1926,11.64,3
0195.3565,11.65,3
0195.5203,11.64,3
0195.6842,11.64,3
0195.8481,11.64,3
0196.0120,11.64,3
0196.1759,11.65,3
0196.3398,11.64,3
0196.5037,11.64,3
0196.6676,11.64,3
0196.8315,11.64,3
0196.9954,11.64,3
0197.1592,11.64,3
0197.3231,11.63,3
0197.4870,11.63,3
0197.6509,11.63,3
0197.8148,11.63,3
0197.9787,11.63,3
0198.1426,11.63,3
0198.3065,11.63,3
0198.4704,11.63,3
0198.6343,11.63,3
0198.7981,11.64,3
0198.9620,11.64,3
0199.1259,11.63,3
0199.2898,11.63,3
0199.4537,11.63,3
0199.6176,11.63,3
0199.7815,11.63,3
0199.9454,11.63,3
0200.1093,11.63,3
0200.2731,11.63,3
0200.4370,11.63,3
0200.6009,11.63,3
0200.7648,11.63,3
0200.9287,11.63,3
0201.0926,11.63,3
0201.2565,11.63,3
0201.4204,11.63,3
0201.5843,11.63,3
0201.7482,11.63,3
0201.9120,11.63,3
0202.0759,11.64,3
0202.2398,11.64,3
0202.4037,11.64,3
0202.5676,11.64,3
0202.7315,11.64,3
0202.8954,11.64,3
0203.0593,11.64,3
0203.2232,11.64,3
0203.3871,11.64,3
0203.5509,11.64,3
0203.7148,11.64,3
0203.8787,11.64,3
0204.0426,11.64,3
0204.2065,11.64,3
0204.3704,11.65,3
0204.5343,11.65,3
0204.6982,11.65,3
0204.8621,11.65,3
0205.0259,11.65,3
0205.1898,11.66,3
0205.3537,11.66,3
0205.5176,11.66,3
0205.6815,11.67,3
0205.8454,11.67,3
0206.0093,11.67,3
0206.1732,11.67,3
0206.3371,11.67,3
0206.5010,11.67,3
0206.6648,11.67,3
0206.8287,11.67,3
0206.9926,11.67,3
0207.1565,11.68,3
0207.3204,11.68,3
0207.4843,11.68,3
0207.6482,11.68,3
0207.8121,11.68,3
0207.9760,11.68,3
0208.1399,11.68,3
0208.3037,11.68,3
0208.4676,11.68,3
0208.6315,11.68,3
0208.7954,11.69,3
0208.9593,11.69,3
0209.1232,11.69,3
0209.2871,11.69,3
0209.4510,11.69,3
0209.6149,11.69,3
0209.7787,11.69,3
0209.9426,11.69,3
0210.1065,11.69,3
0210.2704,11.69,3
0210.4343,11.69,3
0210.5982,11.69,3
0210.7621,11.69,3
0210.9260,11.69,3
0211.0899,11.69,3
0211.2538,11.69,3
0211.4176,11.69,3
0211.5815,11.70,3
0211.7454,11.69,3
0211.9093,11.69,3
0212.0732,11.69,3
0212.2371,11.69,3
0212.4010,11.69,3
0212.5649,11.69,3
0212.7288,11.69,3
0212.8927,11.69,3
0213.0565,11.69,3
0213.2204,11.68,3
0213.3843,11.68,3
0213.5482,11.68,3
0213.7121,11.68,3
0213.8760,11.68,3
0214.0399,11.68,3
0214.2038,11.68,3
0214.3677,11.68,3
0214.5315,11.68,3
0214.6954,11.68,3
0214.8593,11.68,3
0215.0232,11.67,3
0215.1871,11.67,3
0215.3510,11.67,3
0215.5149,11.67,3
0215.6788,11.67,3
0215.8427,11.67,3
0216.0066,11.67,3
0216.1704,11.67,3
0216.3343,11.67,3
0216.4982,11.67,3
0216.6621,11.67,3
0216.8260,11.66,3
0216.9899,11.66,3
0217.1538,11.66,3
0217.3177,11.66,3
0217.4816,11.66,3
0217.6455,11.66,3
0217.8093,11.65,3
0217.9732,11.65,3
0218.1371,11.65,3
0218.3010,11.65,3
0218.4649,11.65,3
0218.6288,11.65,3
0218.7927,11.65,3
0218.9566,11.65,3
0219.1205,11.64,3
0219.2843,11.65,3
0219.4482,11.64,3
0219.6121,11.64,3
0219.7760,11.64,3
0219.9399,11.64,3
0220.1038,11.64,3
0220.2677,11.63,3
0220.4316,11.63,3
0220.5955,11.63,3
0220.7594,11.63,3
0220.9232,11.63,3
0221.0871,11.63,3
0221.2510,11.63,3
0221.4149,11.63,3
0221.5788,11.62,3
0221.7427,11.62,3
0221.9066,11.62,3
0222.0705,11.62,3
0222.2344,11.62,3
0222.3983,11.62,3
0222.5621,11.62,3
0222.7260,11.62,3
0222.8899,11.61,3
0223.0538,11.61,3
0223.2177,11.61,3
0223.3816,11.61,3
0223.5455,11.61,3
0223.7094,11.61,3
0223.8733,11.61,3
0224.0371,11.61,3
0224.2010,11.61,3
0224.3649,11.61,3
0224.5288,11.61,3
0224.6927,11.61,3
0224.8566,11.61,3
0225.0205,11.61,3
0225.1844,11.61,3
0225.3483,11.61,3
0225.5122,11.61,3
0225.6760,11.61,3
0225.8399,11.61,3
0226.0038,11.61,3
0226.1677,11.61,3
0226.3316,11.61,3
0226.4955,11.61,3
0226.6594,11.61,3
0226.8233,11.61,3
0226.9872,11.61,3
0227.1511,11.62,3
0227.3149,11.61,3
0227.4788,11.61,4
0227.6427,11.62,4
0227.8066,11.62,4
0227.9705,11.62,4
0228.1344,11.61,4
0228.2983,11.61,4
0228.4622,11.61,4
0228.6261,11.61,4
0228.7899,11.61,4
0228.9538,11.61,4
0229.1177,11.62,4
0229.2816,11.62,4
0229.4455,11.62,4
0229.6094,11.62,4
0229.7733,11.62,4
0229.9372,11.62,4
0230.1011,11.62,4
0230.2650,11.62,4
0230.4288,11.62,4
0230.5927,11.62,4
0230.7566,11.62,4
0230.9205,11.62,4
0231.0844,11.62,4
0231.2483,11.63,4
0231.4122,11.62,4
0231.5761,11.62,4
0231.7400,11.62,4
0231.9039,11.62,4
0232.0677,11.63,4
0232.2316,11.63,4
0232.3955,11.63,4
0232.5594,11.63,4
0232.7233,11.63,4
0232.8872,11.63,4
0233.0511,11.63,4
0233.2150,11.63,4
0233.3789,11.63,4
0233.5427,11.63,1
0233.7066,11.63,1
0233.8705,11.63,1
0234.0344,11.63,1
0234.1983,11.63,1
0234.3622,11.63,1
0234.5261,11.63,1
0234.6900,11.63,1
0234.8539,11.63,1
0235.0178,11.62,1
0235.1816,11.62,1
0235.3455,11.62,1
0235.5094,11.62,1
0235.6733,11.62,1
0235.8372,11.62,1
0236.0011,11.62,1
0236.1650,11.62,1
0236.3289,11.62,1
0236.4928,11.62,1
0236.6567,11.62,4
0236.8205,11.62,4
0236.9844,11.61,4
0237.1483,11.61,4
0237.3122,11.61,4
0237.4761,11.61,4
0237.6400,11.61,4
0237.8039,11.61,4
0237.9678,11.61,4
0238.1317,11.61,4
0238.2955,11.60,4
0238.4594,11.60,4
0238.6233,11.59,4
0238.7872,11.59,4
0238.9511,11.60,4
0239.1150,11.60,4
0239.2789,11.60,4
0239.4428,11.60,4
0239.6067,11.59,4
0239.7706,11.59,4
0239.9344,11.59,4
0240.0983,11.59,4
0240.2622,11.58,4
0240.4261,11.58,4
0240.5900,11.58,4
0240.7539,11.58,4
0240.9178,11.58,4
0241.0817,11.58,4
0241.2456,11.57,4
0241.4095,11.57,4
0241.5733,11.57,4
0241.7372,11.57,4
0241.9011,11.56,4
0242.0650,11.56,4
0242.2289,11.56,4
0242.3928,11.56,4
0242.5567,11.56,4
0242.7206,11.56,4
0242.8845,11.56,4
0243.0483,11.56,4
0243.2122,11.55,4
0243.3761,11.55,4
0243.5400,11.54,4
0243.7039,11.54,4
0243.8678,11.54,4
0244.0317,11.54,4
0244.1956,11.54,1
0244.3595,11.53,1
0244.5234,11.53,1
0244.6872,11.53,1
0244.8511,11.53,1
0245.0150,11.53,1
0245.1789,11.53,1
0245.3428,11.52,1
0245.5067,11.52,1
0245.6706,11.52,1
0245.8345,11.52,1
0245.9984,11.52,1
0246.1623,11.52,1
0246.3261,11.52,1
0246.4900,11.52,1
0246.6539,11.52,1
0246.8178,11.52,1
0246.9817,11.52,1
0247.1456,11.52,1
0247.3095,11.51,5
0247.4734,11.52,5
0247.6373,11.52,5
0247.8011,11.52,5
0247.9650,11.52,5
0248.1289,11.52,5
0248.2928,11.52,5
0248.4567,11.52,5
0248.6206,11.52,5
0248.7845,11.52,5
0248.9484,11.52,5
0249.1123,11.52,5
0249.2762,11.52,5
0249.4400,11.52,5
0249.6039,11.53,5
0249.7678,11.53,5
0249.9317,11.53,5
0250.0956,11.53,5
0250.2595,11.53,5
0250.4234,11.54,5
0250.5873,11.54,5
0250.7512,11.54,5
0250.9151,11.54,5
0251.0789,11.55,5
0251.2428,11.55,5
0251.4067,11.56,5
0251.5706,11.56,5
0251.7345,11.56,5
0251.8984,11.57,5
0252.0623,11.58,5
0252.2262,11.58,5
0252.3901,11.59,5
0252.5539,11.59,5
0252.7178,11.61,5
0252.8817,11.61,5
0253.0456,11.62,5
0253.2095,11.62,5
0253.3734,11.63,5
0253.5373,11.63,5
0253.7012,11.64,5
0253.8651,11.64,5
0254.0290,11.65,5
0254.1928,11.65,5
0254.3567,11.65,5
0254.5206,11.66,5
0254.6845,11.67,5
0254.8484,11.67,5
0255.0123,11.67,5
0255.1762,11.68,5
0255.3401,11.68,5
0255.5040,11.69,5
0255.6679,11.69,5
0255.8317,11.69,5
0255.9956,11.70,5
0256.1595,11.70,5
0256.3234,11.71,5
0256.4873,11.71,5
0256.6512,11.71,5
0256.8151,11.71,5
0256.9790,11.71,5
0257.1429,11.72,5
0257.3067,11.72,5
0257.4706,11.72,5
0257.6345,11.72,5
0257.7984,11.72,5
0257.9623,11.72,5
0258.1262,11.73,5
0258.2901,11.72,5
0258.4540,11.72,5
0258.6179,11.72,5
0258.7818,11.72,5
0258.9456,11.72,5
0259.1095,11.72,5
0259.2734,11.72,5
0259.4373,11.72,5
0259.6012,11.72,5
0259.7651,11.73,5
0259.9290,11.73,5
0260.0929,11.73,5
0260.2568,11.72,5
0260.4207,11.72,5
0260.5845,11.72,5
0260.7484,11.72,5
0260.9123,11.72,5
0261.0762,11.72,5
0261.2401,11.72,5
0261.4040,11.72,5
0261.5679,11.72,5
0261.7318,11.71,5
0261.8957,11.71,5
0262.0595,11.71,5
0262.2234,11.71,5
0262.3873,11.71,5
0262.5512,11.71,5
0262.7151,11.71,5
0262.8790,11.71,5
0263.0429,11.71,5
0263.2068,11.71,5
0263.3707,11.71,5
0263.5346,11.70,5
0263.6984,11.70,5
0263.8623,11.70,5
0264.0262,11.70,5
0264.1901,11.70,5
0264.3540,11.69,5
0264.5179,11.69,5
0264.6818,11.69,5
0264.8457,11.69,5
0265.0096,11.69,5
0265.1734,11.69,5
0265.3373,11.69,5
0265.5012,11.69,5
0265.6651,11.69,5
0265.8290,11.69,5
0265.9929,11.68,5
0266.1568,11.68,5
0266.3207,11.68,5
0266.4846,11.68,5
0266.6485,11.68,5
0266.8123,11.68,5
0266.9762,11.68,5
0267.1401,11.68,5
0267.3040,11.68,5
0267.4679,11.68,5
0267.6318,11.67,5
0267.7957,11.67,5
0267.9596,11.67,5
0268.1235,11.67,5
0268.2874,11.67,5
0268.4512,11.67,5
0268.6151,11.66,5
0268.7790,11.66,5
0268.9429,11.66,5
0269.1068,11.66,5
0269.2707,11.66,5
0269.4346,11.65,5
0269.5985,11.65,5
0269.7624,11.65,5
0269.9262,11.65,5
0270.0901,11.65,5
0270.2540,11.65,5
0270.4179,11.65,5
0270.5818,11.65,5
0270.7457,11.64,5
0270.9096,11.64,5
0271.0735,11.64,5
0271.2374,11.64,5
0271.4013,11.64,5
0271.5651,11.64,5
0271.7290,11.64,5
0271.8929,11.64,5
0272.0568,11.64,5
0272.2207,11.64,5
0272.3846,11.64,5
0272.5485,11.65,5
0272.7124,11.65,5
0272.8763,11.65,5
0273.0402,11.65,5
0273.2040,11.66,5
0273.3679,11.66,5
0273.5318,11.67,5
0273.6957,11.67,5
0273.8596,11.67,5
0274.0235,11.67,5
0274.1874,11.67,5
0274.3513,11.67,5
0274.5152,11.67,5
0274.6790,11.67,5
0274.8429,11.68,5
0275.0068,11.68,5
0275.1707,11.68,5
0275.3346,11.69,5
0275.4985,11.70,5
0275.6624,11.70,5
0275.8263,11.70,5
0275.9902,11.70,5
0276.1541,11.70,5
0276.3179,11.71,5
0276.4818,11.71,5
0276.6457,11.71,5
0276.8096,11.71,5
0276.9735,11.72,5
0277.1374,11.72,5
0277.3013,11.73,5
0277.4652,11.73,5
0277.6291,11.73,5
0277.7930,11.73,5
0277.9568,11.73,5
0278.1207,11.73,5
0278.2846,11.73,5
0278.4485,11.74,5
0278.6124,11.74,5
0278.7763,11.74,5
0278.9402,11.75,5
0279.1041,11.75,5
0279.2680,11.75,5
0279.4318,11.75,5
0279.5957,11.75,5
0279.7596,11.75,5
0279.9235,11.75,5
0280.0874,11.75,5
0280.2513,11.75,5
0280.4152,11.75,5
0280.5791,11.75,5
0280.7430,11.75,5
0280.9069,11.75,3
0281.0707,11.75,3
0281.2346,11.75,3
0281.3985,11.75,3
0281.5624,11.75,3
0281.7263,11.75,3
0281.8902,11.75,3
0282.0541,11.75,3
0282.2180,11.75,3
0282.3819,11.75,1
0282.5458,11.75,1
0282.7096,11.75,1
0282.8735,11.75,1
0283.0374,11.74,1
0283.2013,11.74,1
0283.3652,11.74,1
0283.5291,11.74,1
0283.6930,11.74,1
0283.8569,11.74,5
0284.0208,11.74,5
0284.1846,11.74,5
0284.3485,11.74,5
0284.5124,11.74,5
0284.6763,11.74,5
0284.8402,11.73,5
0285.0041,11.73,5
0285.1680,11.73,5
0285.3319,11.73,5
0285.4958,11.73,5
0285.6597,11.73,5
0285.8235,11.73,5
0285.9874,11.73,5
0286.1513,11.73,5
0286.3152,11.73,5
0286.4791,11.73,5
0286.6430,11.73,5
0286.8069,11.73,5
0286.9708,11.73,5
0287.1347,11.73,5
0287.2986,11.73,5
0287.4624,11.73,5
0287.6263,11.73,5
0287.7902,11.73,5
0287.9541,11.73,5
0288.1180,11.73,5
0288.2819,11.73,5
0288.4458,11.73,5
0288.6097,11.73,5
0288.7736,11.73,5
0288.9374,11.73,5
0289.1013,11.73,5
0289.2652,11.73,5
0289.4291,11.73,5
0289.5930,11.73,5
0289.7569,11.73,5
0289.9208,11.72,5
0290.0847,11.72,5
0290.2486,11.72,5
0290.4125,11.72,5
0290.5763,11.72,5
0290.7402,11.72,5
0290.9041,11.72,5
0291.0680,11.72,5
0291.2319,11.72,5
0291.3958,11.72,5
0291.5597,11.72,5
0291.7236,11.72,5
0291.8875,11.72,5
0292.0514,11.72,5
0292.2152,11.72,5
0292.3791,11.72,5
0292.5430,11.72,5
0292.7069,11.72,5
0292.8708,11.72,5
0293.0347,11.72,5
0293.1986,11.72,5
0293.3625,11.72,5
0293.5264,11.72,5
0293.6902,11.72,5
0293.8541,11.73,5
0294.0180,11.73,5
0294.1819,11.73,5
0294.3458,11.73,5
0294.5097,11.72,5
0294.6736,11.73,5
0294.8375,11.73,5
0295.0014,11.73,5
0295.1653,11.72,5
0295.3291,11.72,5
0295.4930,11.73,5
0295.6569,11.73,5
0295.8208,11.73,5
0295.9847,11.73,5
0296.1486,11.74,5
0296.3125,11.74,5
0296.4764,11.74,5
0296.6403,11.74,5
0296.8042,11.74,5
0296.9680,11.74,5
0297.1319,11.74,5
0297.2958,11.74,5
0297.4597,11.75,5
0297.6236,11.75,5
0297.7875,11.75,5
0297.9514,11.75,5
0298.1153,11.75,5
0298.2792,11.75,5
0298.4430,11.75,5
0298.6069,11.75,5
0298.7708,11.75,5
0298.9347,11.75,5
0299.0986,11.75,5
0299.2625,11.75,5
0299.4264,11.75,5
0299.5903,11.76,5
0299.7542,11.76,5
0299.9181,11.76,5
0300.0819,11.76,5
0300.2458,11.76,5
0300.4097,11.76,5
0300.5736,11.76,5
0300.7375,11.76,5
0300.9014,11.76,5
0301.0653,11.76,5
0301.2292,11.76,5
0301.3931,11.76,5
0301.5570,11.77,5
0301.7208,11.76,5
0301.8847,11.76,5
0302.0486,11.76,5
0302.2125,11.76,5
0302.3764,11.76,5
0302.5403,11.76,5
0302.7042,11.76,5
0302.8681,11.77,5
0303.0320,11.77,5
0303.1958,11.77,5
0303.3597,11.78,5
0303.5236,11.77,5
0303.6875,11.77,5
0303.8514,11.77,5
0304.0153,11.78,5
0304.1792,11.78,5
0304.3431,11.77,5
0304.5070,11.77,5
0304.6709,11.77,5
0304.8347,11.77,5
0304.9986,11.77,5
0305.1625,11.77,5
0305.3264,11.77,5
0305.4903,11.76,5
0305.6542,11.76,5
0305.8181,11.77,5
0305.9820,11.77,5
0306.1459,11.77,5
0306.3098,11.77,5
0306.4736,11.77,5
0306.6375,11.77,5
0306.8014,11.78,5
0306.9653,11.77,5
0307.1292,11.77,5
0307.2931,11.77,5
0307.4570,11.77,5
0307.6209,11.77,5
0307.7848,11.77,5
0307.9486,11.77,5
0308.1125,11.77,5
0308.2764,11.77,5
0308.4403,11.78,5
0308.6042,11.77,5
0308.7681,11.77,5
0308.9320,11.77,5
0309.0959,11.77,5
0309.2598,11.77,5
0309.4237,11.77,5
0309.5875,11.77,5
0309.7514,11.77,5
0309.9153,11.77,1
0310.0792,11.77,1
0310.2431,11.77,1
0310.4070,11.77,1
0310.5709,11.77,1
0310.7348,11.77,1
0310.8987,11.77,1
0311.0626,11.77,1
0311.2264,11.77,1
0311.3903,11.77,1
0311.5542,11.77,1
0311.7181,11.77,1
0311.8820,11.76,1
0312.0459,11.76,1
0312.2098,11.76,1
0312.3737,11.76,1
0312.5376,11.76,1
0312.7014,11.76,1
0312.8653,11.76,1
0313.0292,11.76,1
0313.1931,11.76,1
0313.3570,11.76,1
0313.5209,11.77,1
0313.6848,11.76,1
0313.8487,11.76,1
0314.0126,11.76,1
0314.1765,11.77,1
0314.3403,11.77,1
0314.5042,11.76,1
0314.6681,11.76,1
0314.8320,11.76,1
0314.9959,11.76,1
0315.1598,11.76,1
0315.3237,11.76,1
0315.4876,11.76,1
0315.6515,11.75,1
0315.8154,11.75,1
0315.9792,11.76,1
0316.1431,11.76,1
0316.3070,11.76,1
0316.4709,11.76,1
0316.6348,11.76,1
0316.7987,11.76,1
0316.9626,11.76,1
0317.1265,11.76,1
0317.2904,11.76,1
0317.4542,11.76,1
0317.6181,11.76,1
0317.7820,11.76,1
0317.9459,11.76,1
0318.1098,11.76,1
0318.2737,11.76,1
0318.4376,11.76,1
0318.6015,11.76,1
0318.7654,11.76,1
0318.9293,11.76,1
0319.0931,11.75,1
0319.2570,11.75,1
0319.4209,11.76,1
0319.5848,11.76,1
0319.7487,11.76,1
0319.9126,11.75,1
0320.0765,11.76,1
0320.2404,11.76,1
0320.4043,11.76,1
0320.5682,11.75,1
0320.7320,11.75,1
0320.8959,11.75,1
0321.0598,11.75,1
0321.2237,11.75,1
0321.3876,11.75,1
0321.5515,11.75,1
0321.7154,11.75,1
0321.8793,11.75,1
0322.0432,11.75,1
0322.2070,11.74,1
0322.3709,11.74,1
0322.5348,11.74,1
0322.6987,11.74,1
0322.8626,11.74,1
0323.0265,11.74,1
0323.1904,11.74,1
0323.3543,11.74,1
0323.5182,11.75,1
0323.6821,11.75,1
0323.8459,11.75,1
0324.0098,11.75,1
0324.1737,11.75,1
0324.3376,11.75,1
0324.5015,11.75,1
0324.6654,11.75,1
0324.8293,11.74,1
0324.9932,11.74,1
0325.1571,11.74,1
0325.3210,11.74,1
0325.4848,11.74,1
0325.6487,11.74,1
0325.8126,11.73,1
0325.9765,11.73,1
0326.1404,11.73,1
0326.3043,11.73,1
0326.4682,11.73,1
0326.6321,11.74,1
0326.7960,11.74,1
0326.9598,11.74,1
0327.1237,11.74,1
0327.2876,11.74,1
0327.4515,11.74,1
0327.6154,11.74,1
0327.7793,11.73,1
0327.9432,11.73,1
0328.1071,11.73,1
0328.2710,11.73,1
0328.4349,11.73,1
0328.5987,11.73,1
0328.7626,11.73,1
0328.9265,11.73,1
0329.0904,11.72,1
0329.2543,11.72,1
0329.4182,11.72,1
0329.5821,11.73,1
0329.7460,11.73,1
0329.9099,11.73,1
0330.0738,11.73,1
0330.2376,11.73,1
0330.4015,11.73,1
0330.5654,11.73,1
0330.7293,11.73,1
0330.8932,11.72,1
0331.0571,11.72,1
0331.2210,11.72,1
0331.3849,11.72,1
0331.5488,11.72,1
0331.7126,11.72,1
0331.8765,11.71,1
0332.0404,11.71,1
0332.2043,11.71,1
0332.3682,11.71,1
0332.5321,11.70,1
0332.6960,11.70,1
0332.8599,11.70,1
0333.0238,11.70,1
0333.1877,11.70,1
0333.3515,11.70,1
0333.5154,11.70,1
0333.6793,11.70,1
0333.8432,11.70,1
0334.0071,11.70,1
0334.1710,11.70,1
0334.3349,11.69,1
0334.4988,11.69,1
0334.6627,11.69,1
0334.8266,11.69,1
0334.9904,11.68,1
0335.1543,11.68,1
0335.3182,11.67,1
0335.4821,11.67,1
0335.6460,11.67,1
0335.8099,11.66,1
0335.9738,11.65,1
0336.1377,11.65,1
0336.3016,11.65,1
0336.4654,11.64,1
0336.6293,11.64,1
0336.7932,11.64,1
0336.9571,11.64,1
0337.1210,11.64,1
0337.2849,11.64,1
0337.4488,11.64,1
0337.6127,11.63,1
0337.7766,11.62,1
0337.9405,11.62,1
0338.1043,11.62,1
0338.2682,11.61,1
0338.4321,11.61,1
0338.5960,11.61,1
0338.7599,11.61,1
0338.9238,11.61,1
0339.0877,11.61,1
0339.2516,11.60,1
0339.4155,11.60,1
0339.5793,11.59,1
0339.7432,11.59,1
0339.9071,11.60,1
0340.0710,11.60,1
0340.2349,11.60,1
0340.3988,11.60,1
0340.5627,11.60,1
0340.7266,11.59,1
0340.8905,11.59,1
0341.0544,11.59,1
0341.2182,11.58,1
0341.3821,11.58,1
0341.5460,11.58,1
0341.7099,11.58,1
0341.8738,11.58,1
0342.0377,11.58,1
0342.2016,11.58,1
0342.3655,11.57,1
0342.5294,11.57,1
0342.6933,11.57,1
0342.8571,11.56,1
0343.0210,11.56,1
0343.1849,11.56,1
0343.3488,11.56,1
0343.5127,11.56,1
0343.6766,11.56,1
0343.8405,11.56,1
0344.0044,11.57,1
0344.1683,11.57,1
0344.3321,11.56,1
0344.4960,11.56,1
0344.6599,11.56,1
0344.8238,11.56,1
0344.9877,11.56,1
0345.1516,11.56,1
0345.3155,11.55,1
0345.4794,11.55,1
0345.6433,11.55,1
0345.8072,11.55,1
0345.9710,11.55,1
0346.1349,11.55,1
0346.2988,11.55,1
0346.4627,11.54,1
0346.6266,11.54,1
0346.7905,11.55,1
0346.9544,11.55,1
0347.1183,11.55,1
0347.2822,11.55,1
0347.4461,11.55,1
0347.6099,11.55,1
0347.7738,11.55,1
0347.9377,11.55,1
0348.1016,11.54,1
0348.2655,11.54,1
0348.4294,11.54,1
0348.5933,11.54,1
0348.7572,11.54,1
0348.9211,11.53,1
0349.0849,11.53,1
0349.2488,11.53,1
0349.4127,11.53,1
0349.5766,11.53,1
0349.7405,11.52,1
0349.9044,11.52,1
0350.0683,11.52,1
0350.2322,11.52,1
0350.3961,11.52,1
0350.5600,11.52,1
0350.7238,11.51,1
0350.8877,11.51,1
0351.0516,11.51,1
0351.2155,11.51,1
0351.3794,11.50,1
0351.5433,11.50,1
0351.7072,11.49,1
0351.8711,11.49,1
0352.0350,11.48,1
0352.1989,11.48,1
0352.3627,11.48,1
0352.5266,11.48,1
0352.6905,11.47,1
0352.8544,11.47,1
0353.0183,11.47,1
0353.1822,11.46,1
0353.3461,11.45,1
0353.5100,11.45,1
0353.6739,11.45,1
0353.8377,11.44,1
0354.0016,11.44,1
0354.1655,11.44,1
0354.3294,11.43,1
0354.4933,11.43,1
0354.6572,11.42,1
0354.8211,11.42,1
0354.9850,11.41,1
0355.1489,11.40,1
0355.3128,11.40,1
0355.4766,11.39,1
0355.6405,11.39,3
0355.8044,11.38,3
0355.9683,11.38,3
0356.1322,11.37,3
0356.2961,11.37,3
0356.4600,11.36,3
0356.6239,11.35,3
0356.7878,11.35,3
0356.9517,11.34,3
0357.1155,11.34,3
0357.2794,11.33,3
0357.4433,11.33,3
0357.6072,11.32,3
0357.7711,11.32,3
0357.9350,11.31,3
0358.0989,11.31,3
0358.2628,11.30,3
0358.4267,11.30,3
0358.5905,11.29,3
0358.7544,11.28,3
0358.9183,11.27,3
0359.0822,11.27,3
0359.2461,11.26,3
0359.4100,11.26,3
0359.5739,11.25,3
0359.7378,11.25,3
0359.9017,11.24,3
0360.0656,11.24,3
0360.2294,11.24,3
0360.3933,11.23,3
0360.5572,11.23,3
0360.7211,11.22,3
0360.8850,11.22,3
0361.0489,11.21,3
0361.2128,11.21,3
0361.3767,11.20,3
0361.5406,11.20,3
0361.7045,11.19,3
0361.8683,11.18,3
0362.0322,11.17,3
0362.1961,11.17,3
0362.3600,11.16,3
0362.5239,11.16,3
0362.6878,11.15,3
0362.8517,11.15,3
0363.0156,11.14,3
0363.1795,11.14,3
0363.3433,11.13,3
0363.5072,11.13,3
0363.6711,11.12,3
0363.8350,11.11,3
0363.9989,11.11,3
0364.1628,11.10,3
0364.3267,11.10,3
0364.4906,11.10,3
0364.6545,11.09,3
0364.8184,11.09,3
0364.9822,11.09,3
0365.1461,11.08,3
0365.3100,11.08,3
0365.4739,11.08,3
0365.6378,11.07,3
0365.8017,11.06,3
0365.9656,11.06,3
0366.1295,11.06,3
0366.2934,11.06,3
0366.4573,11.05,3
0366.6211,11.05,3
0366.7850,11.05,3
0366.9489,11.04,3
0367.1128,11.04,3
0367.2767,11.04,3
0367.4406,11.04,3
0367.6045,11.03,3
0367.7684,11.03,3
0367.9323,11.03,3
0368.0961,11.03,3
0368.2600,11.03,3
0368.4239,11.03,3
0368.5878,11.03,3
0368.7517,11.03,3
0368.9156,11.03,3
0369.0795,11.02,3
0369.2434,11.02,3
0369.4073,11.02,4
0369.5712,11.02,4
0369.7350,11.02,4
0369.8989,11.02,4
0370.0628,11.02,4
0370.2267,11.02,4
0370.3906,11.02,4
0370.5545,11.02,4
0370.7184,11.02,4
0370.8823,11.02,4
0371.0462,11.02,4
0371.2101,11.02,4
0371.3739,11.03,4
0371.5378,11.03,4
0371.7017,11.03,4
0371.8656,11.03,4
0372.0295,11.03,4
0372.1934,11.03,4
0372.3573,11.03,4
0372.5212,11.03,4
0372.6851,11.03,4
0372.8489,11.02,4
0373.0128,11.03,4
0373.1767,11.03,4
0373.3406,11.03,4
0373.5045,11.03,4
0373.6684,11.04,4
0373.8323,11.04,4
0373.9962,11.04,4
0374.1601,11.04,4
0374.3240,11.05,4
0374.4878,11.04,4
0374.6517,11.04,4
0374.8156,11.05,4
0374.9795,11.05,4
0375.1434,11.05,4
0375.3073,11.05,4
0375.4712,11.06,4
0375.6351,11.06,4
0375.7990,11.06,4
0375.9629,11.06,4
0376.1267,11.06,4
0376.2906,11.06,4
0376.4545,11.06,4
0376.6184,11.06,4
0376.7823,11.07,4
0376.9462,11.07,4
0377.1101,11.07,4
0377.2740,11.08,4
0377.4379,11.08,4
0377.6017,11.08,4
0377.7656,11.08,4
0377.9295,11.08,4
0378.0934,11.08,4
0378.2573,11.08,4
0378.4212,11.08,4
0378.5851,11.09,4
0378.7490,11.09,4
0378.9129,11.09,4
0379.0768,11.09,4
0379.2406,11.09,4
0379.4045,11.09,4
0379.5684,11.09,4
0379.7323,11.09,4
0379.8962,11.10,4
0380.0601,11.10,4
0380.2240,11.10,4
0380.3879,11.10,4
0380.5518,11.10,4
0380.7157,11.11,4
0380.8795,11.11,4
0381.0434,11.11,4
0381.2073,11.11,4
0381.3712,11.11,4
0381.5351,11.11,4
0381.6990,11.12,4
0381.8629,11.12,4
0382.0268,11.12,4
0382.1907,11.12,4
0382.3545,11.12,4
0382.5184,11.12,4
0382.6823,11.12,4
0382.8462,11.12,4
0383.0101,11.12,4
0383.1740,11.12,4
0383.3379,11.12,4
0383.5018,11.12,4
0383.6657,11.12,4
0383.8296,11.12,4
0383.9934,11.12,4
0384.1573,11.12,4
0384.3212,11.12,4
0384.4851,11.12,4
0384.6490,11.13,4
0384.8129,11.13,4
0384.9768,11.12,4
0385.1407,11.12,4
0385.3046,11.12,4
0385.4685,11.12,4
0385.6323,11.12,4
0385.7962,11.12,4
0385.9601,11.11,4
0386.1240,11.11,4
0386.2879,11.11,4
0386.4518,11.11,4
0386.6157,11.11,4
0386.7796,11.11,4
0386.9435,11.11,4
0387.1073,11.11,4
0387.2712,11.11,4
0387.4351,11.11,4
0387.5990,11.11,4
0387.7629,11.11,4
0387.9268,11.11,4
0388.0907,11.11,4
0388.2546,11.11,4
0388.4185,11.10,4
0388.5824,11.10,4
0388.7462,11.10,4
0388.9101,11.10,4
0389.0740,11.09,4
0389.2379,11.09,4
0389.4018,11.09,4
0389.5657,11.08,4
0389.7296,11.08,4
0389.8935,11.08,4
0390.0574,11.08,4
0390.2213,11.08,4
0390.3851,11.08,4
0390.5490,11.08,4
0390.7129,11.07,5
0390.8768,11.07,5
0391.0407,11.07,5
0391.2046,11.07,5
0391.3685,11.07,5
0391.5324,11.06,5
0391.6963,11.06,5
0391.8601,11.06,5
0392.0240,11.06,5
0392.1879,11.06,5
0392.3518,11.05,5
0392.5157,11.05,5
0392.6796,11.05,5
0392.8435,11.04,5
0393.0074,11.04,5
0393.1713,11.04,5
0393.3352,11.04,5
0393.4990,11.04,5
0393.6629,11.04,5
0393.8268,11.04,5
0393.9907,11.03,5
0394.1546,11.03,5
0394.3185,11.03,5
0394.4824,11.02,5
0394.6463,11.02,5
0394.8102,11.02,5
0394.9741,11.01,5
0395.1379,11.01,5
0395.3018,11.01,5
0395.4657,11.01,5
0395.6296,11.01,5
0395.7935,11.01,5
0395.9574,11.00,5
0396.1213,11.00,5
0396.2852,11.00,5
0396.4491,10.99,5
0396.6129,10.99,5
0396.7768,10.99,5
0396.9407,10.99,5
0397.1046,10.99,5
0397.2685,10.99,5
0397.4324,10.99,5
0397.5963,10.98,5
0397.7602,10.98,5
0397.9241,10.98,5
0398.0880,10.98,5
0398.2518,10.98,5
0398.4157,10.98,5
0398.5796,10.98,5
0398.7435,10.98,5
0398.9074,10.98,5
0399.0713,10.97,5
0399.2352,10.97,5
0399.3991,10.97,5
0399.5630,10.97,5
0399.7269,10.97,5
0399.8907,10.97,5
0400.0546,10.96,5
0400.2185,10.96,5
0400.3824,10.96,5
0400.5463,10.96,5
0400.7102,10.97,5
0400.8741,10.97,5
0401.0380,10.97,5
0401.2019,10.97,5
0401.3657,10.97,5
0401.5296,10.97,5
0401.6935,10.97,5
0401.8574,10.97,5
0402.0213,10.97,5
0402.1852,10.97,5
0402.3491,10.97,5
0402.5130,10.97,5
0402.6769,10.97,5
0402.8408,10.97,5
0403.0046,10.97,5
0403.1685,10.97,5
0403.3324,10.98,5
0403.4963,10.98,5
0403.6602,10.98,5
0403.8241,10.98,5
0403.9880,10.98,5
0404.1519,10.98,5
0404.3158,10.98,5
0404.4797,10.99,5
0404.6435,10.99,5
0404.8074,10.99,5
0404.9713,10.99,5
0405.1352,11.00,5
0405.2991,10.99,5
0405.4630,10.99,5
0405.6269,10.99,5
0405.7908,10.99,5
0405.9547,10.99,5
0406.1185,10.99,5
0406.2824,10.99,5
0406.4463,11.00,5
0406.6102,11.00,5
0406.7741,11.00,5
0406.9380,11.01,5
0407.1019,11.01,5
0407.2658,11.01,5
0407.4297,11.01,5
0407.5936,11.01,5
0407.7574,11.01,5
0407.9213,11.01,5
0408.0852,11.01,5
0408.2491,11.02,5
0408.4130,11.02,5
0408.5769,11.02,5
0408.7408,11.02,5
0408.9047,11.03,5
0409.0686,11.03,5
0409.2325,11.02,5
0409.3963,11.02,5
0409.5602,11.02,5
0409.7241,11.03,5
0409.8880,11.03,5
0410.0519,11.03,5
0410.2158,11.03,5
0410.3797,11.03,5
0410.5436,11.04,1
0410.7075,11.04,1
0410.8713,11.04,1
0411.0352,11.04,1
0411.1991,11.04,1
0411.3630,11.04,1
0411.5269,11.04,1
0411.6908,11.04,1
0411.8547,11.05,1
0412.0186,11.05,1
0412.1825,11.05,1
0412.3464,11.05,1
0412.5102,11.05,1
0412.6741,11.05,1
0412.8380,11.06,1
0413.0019,11.06,1
0413.1658,11.06,1
0413.3297,11.06,1
0413.4936,11.06,1
0413.6575,11.06,1
0413.8214,11.07,1
0413.9852,11.07,1
0414.1491,11.07,1
0414.3130,11.08,1
0414.4769,11.08,1
0414.6408,11.09,1
0414.8047,11.09,1
0414.9686,11.09,1
0415.1325,11.09,1
0415.2964,11.09,1
0415.4603,11.09,1
0415.6241,11.09,1
0415.7880,11.09,1
0415.9519,11.09,1
0416.1158,11.10,1
0416.2797,11.10,1
0416.4436,11.10,1
0416.6075,11.10,1
0416.7714,11.10,1
0416.9353,11.10,1
0417.0992,11.10,1
0417.2630,11.10,1
0417.4269,11.11,1
0417.5908,11.11,1
0417.7547,11.11,1
0417.9186,11.11,1
0418.0825,11.11,1
0418.2464,11.11,1
0418.4103,11.11,1
0418.5742,11.11,1
0418.7380,11.11,1
0418.9019,11.11,1
0419.0658,11.11,1
0419.2297,11.10,1
0419.3936,11.10,1
0419.5575,11.10,1
0419.7214,11.10,1
0419.8853,11.10,1
0420.0492,11.10,1
0420.2131,11.10,1
0420.3769,11.10,1
0420.5408,11.10,1
0420.7047,11.10,1
0420.8686,11.09,1
0421.0325,11.09,1
0421.1964,11.09,1
0421.3603,11.09,1
0421.5242,11.09,1
0421.6881,11.08,1
0421.8520,11.08,1
0422.0158,11.07,1
0422.1797,11.07,1
0422.3436,11.06,1
0422.5075,11.06,1
0422.6714,11.05,1
0422.8353,11.05,1
0422.9992,11.04,1
0423.1631,11.04,1
0423.3270,11.03,1
0423.4908,11.03,1
0423.6547,11.02,1
0423.8186,11.02,1
0423.9825,11.01,1
0424.1464,11.00,1
0424.3103,11.00,1
0424.4742,10.99,1
0424.6381,10.99,1
0424.8020,10.98,1
0424.9659,10.98,1
0425.1297,10.97,1
0425.2936,10.97,1
0425.4575,10.96,1
0425.6214,10.95,1
0425.7853,10.95,3
0425.9492,10.94,3
0426.1131,10.94,3
0426.2770,10.93,3
0426.4409,10.92,3
0426.6048,10.91,3
0426.7686,10.90,3
0426.9325,10.90,3
0427.0964,10.89,3
0427.2603,10.88,3
0427.4242,10.87,3
0427.5881,10.86,3
0427.7520,10.85,3
0427.9159,10.85,3
0428.0798,10.84,3
0428.2436,10.83,3
0428.4075,10.82,3
0428.5714,10.81,3
0428.7353,10.81,3
0428.8992,10.80,3
0429.0631,10.79,3
0429.2270,10.78,3
0429.3909,10.77,3
0429.5548,10.77,3
0429.7187,10.75,3
0429.8825,10.75,3
0430.0464,10.73,3
0430.2103,10.73,3
0430.3742,10.72,3
0430.5381,10.72,3
0430.7020,10.71,3
0430.8659,10.70,3
0431.0298,10.69,3
0431.1937,10.68,3
0431.3576,10.68,3
0431.5214,10.67,3
0431.6853,10.66,3
0431.8492,10.66,3
0432.0131,10.64,3
0432.1770,10.64,3
0432.3409,10.62,3
0432.5048,10.62,3
0432.6687,10.61,3
0432.8326,10.60,3
0432.9964,10.59,3
0433.1603,10.58,3
0433.3242,10.58,3
0433.4881,10.57,3
0433.6520,10.56,3
0433.8159,10.56,3
0433.9798,10.55,3
0434.1437,10.55,3
0434.3076,10.54,3
0434.4715,10.53,3
0434.6353,10.52,3
0434.7992,10.52,3
0434.9631,10.51,3
0435.1270,10.51,3
0435.2909,10.50,3
0435.4548,10.49,3
0435.6187,10.49,3
0435.7826,10.48,3
0435.9465,10.48,3
0436.1104,10.47,3
0436.2742,10.47,3
0436.4381,10.46,3
0436.6020,10.46,3
0436.7659,10.45,3
0436.9298,10.45,3
0437.0937,10.44,3
0437.2576,10.44,3
0437.4215,10.43,3
0437.5854,10.43,3
0437.7492,10.42,3
0437.9131,10.42,3
0438.0770,10.41,3
0438.2409,10.41,3
0438.4048,10.40,3
0438.5687,10.40,3
0438.7326,10.39,3
0438.8965,10.39,3
0439.0604,10.39,3
0439.2243,10.38,3
0439.3881,10.37,3
0439.5520,10.37,3
0439.7159,10.37,3
0439.8798,10.36,3
0440.0437,10.36,3
0440.2076,10.35,3
0440.3715,10.34,3
0440.5354,10.34,3
0440.6993,10.34,3
0440.8632,10.33,3
0441.0270,10.33,3
0441.1909,10.33,3
0441.3548,10.32,3
0441.5187,10.32,3
0441.6826,10.32,3
0441.8465,10.31,3
0442.0104,10.31,3
0442.1743,10.31,3
0442.3382,10.30,3
0442.5020,10.30,3
0442.6659,10.29,3
0442.8298,10.29,3
0442.9937,10.28,3
0443.1576,10.28,3
0443.3215,10.27,3
0443.4854,10.27,3
0443.6493,10.27,3
0443.8132,10.26,3
0443.9771,10.26,3
0444.1409,10.26,3
0444.3048,10.25,3
0444.4687,10.25,3
0444.6326,10.24,3
0444.7965,10.24,3
0444.9604,10.23,3
0445.1243,10.23,3
0445.2882,10.23,3
0445.4521,10.23,3
0445.6160,10.23,3
0445.7798,10.22,3
0445.9437,10.22,3
0446.1076,10.21,3
0446.2715,10.21,3
0446.4354,10.20,3
0446.5993,10.20,3
0446.7632,10.19,3
0446.9271,10.19,3
0447.0910,10.19,3
0447.2548,10.19,3
0447.4187,10.19,3
0447.5826,10.18,3
0447.7465,10.18,3
0447.9104,10.18,3
0448.0743,10.18,3
0448.2382,10.18,3
0448.4021,10.17,3
0448.5660,10.17,3
0448.7299,10.17,3
0448.8937,10.17,3
0449.0576,10.17,3
0449.2215,10.17,3
0449.3854,10.16,3
0449.5493,10.16,3
0449.7132,10.16,3
0449.8771,10.16,3
0450.0410,10.16,3
0450.2049,10.16,3
0450.3688,10.15,3
0450.5326,10.15,3
0450.6965,10.16,3
0450.8604,10.16,3
0451.0243,10.16,3
0451.1882,10.16,3
0451.3521,10.16,3
0451.5160,10.16,3
0451.6799,10.16,5
0451.8438,10.16,5
0452.0076,10.16,5
0452.1715,10.16,5
0452.3354,10.16,5
0452.4993,10.16,5
0452.6632,10.16,5
0452.8271,10.16,5
0452.9910,10.15,5
0453.1549,10.16,5
0453.3188,10.16,5
0453.4827,10.16,5
0453.6465,10.16,5
0453.8104,10.16,5
0453.9743,10.16,5
0454.1382,10.16,5
0454.3021,10.16,5
0454.4660,10.16,5
0454.6299,10.16,5
0454.7938,10.17,5
0454.9577,10.17,5
0455.1216,10.17,5
0455.2854,10.17,5
0455.4493,10.17,5
0455.6132,10.17,5
0455.7771,10.17,5
0455.9410,10.17,5
0456.1049,10.17,5
0456.2688,10.16,5
0456.4327,10.17,5
0456.5966,10.17,5
0456.7604,10.17,5
0456.9243,10.17,5
0457.0882,10.17,5
0457.2521,10.18,5
0457.4160,10.18,5
0457.5799,10.18,5
0457.7438,10.18,5
0457.9077,10.19,5
0458.0716,10.19,5
0458.2355,10.19,5
0458.3993,10.19,5
0458.5632,10.19,5
0458.7271,10.19,5
0458.8910,10.20,5
0459.0549,10.20,5
0459.2188,10.20,5
0459.3827,10.21,5
0459.5466,10.21,5
0459.7105,10.21,5
0459.8744,10.22,5
0460.0382,10.22,5
0460.2021,10.23,5
0460.3660,10.23,5
0460.5299,10.23,5
0460.6938,10.24,5
0460.8577,10.24,5
0461.0216,10.24,5
0461.1855,10.25,5
0461.3494,10.25,5
0461.5132,10.25,5
0461.6771,10.26,5
0461.8410,10.26,5
0462.0049,10.27,5
0462.1688,10.27,5
0462.3327,10.27,5
0462.4966,10.28,5
0462.6605,10.28,5
0462.8244,10.29,5
0462.9883,10.29,5
0463.1521,10.29,5
0463.3160,10.30,5
0463.4799,10.30,5
0463.6438,10.31,5
0463.8077,10.31,5
0463.9716,10.31,5
0464.1355,10.32,5
0464.2994,10.32,5
0464.4633,10.33,5
0464.6272,10.33,5
0464.7910,10.34,5
0464.9549,10.34,5
0465.1188,10.34,5
0465.2827,10.35,5
0465.4466,10.35,5
0465.6105,10.35,5
0465.7744,10.36,5
0465.9383,10.36,5
0466.1022,10.36,5
0466.2660,10.36,5
0466.4299,10.37,5
0466.5938,10.37,5
0466.7577,10.37,5
0466.9216,10.38,5
0467.0855,10.38,5
0467.2494,10.38,5
0467.4133,10.38,5
0467.5772,10.39,5
0467.7411,10.39,5
0467.9049,10.39,5
0468.0688,10.39,5
0468.2327,10.39,5
0468.3966,10.39,5
0468.5605,10.40,5
0468.7244,10.40,5
0468.8883,10.40,5
0469.0522,10.40,5
0469.2161,10.40,5
0469.3800,10.40,5
0469.5438,10.40,5
0469.7077,10.40,5
0469.8716,10.40,5
0470.0355,10.41,5
0470.1994,10.41,5
0470.3633,10.41,5
0470.5272,10.41,5
0470.6911,10.41,5
0470.8550,10.41,5
0471.0188,10.41,5
0471.1827,10.41,5
0471.3466,10.41,5
0471.5105,10.41,5
0471.6744,10.41,5
0471.8383,10.41,5
0472.0022,10.41,5
0472.1661,10.41,5
0472.3300,10.41,5
0472.4939,10.41,5
0472.6577,10.41,5
0472.8216,10.41,5
0472.9855,10.41,5
0473.1494,10.40,5
0473.3133,10.40,5
0473.4772,10.40,5
0473.6411,10.39,5
0473.8050,10.39,5
0473.9689,10.39,5
0474.1328,10.39,5
0474.2966,10.39,5
0474.4605,10.39,5
0474.6244,10.39,5
0474.7883,10.38,5
0474.9522,10.38,5
0475.1161,10.38,5
0475.2800,10.37,5
0475.4439,10.37,5
0475.6078,10.36,5
0475.7716,10.36,5
0475.9355,10.35,5
0476.0994,10.35,5
0476.2633,10.34,5
0476.4272,10.34,5
0476.5911,10.34,5
0476.7550,10.33,5
0476.9189,10.33,5
0477.0828,10.32,5
0477.2467,10.32,5
0477.4105,10.31,5
0477.5744,10.30,5
0477.7383,10.30,5
0477.9022,10.29,5
0478.0661,10.29,5
0478.2300,10.29,5
0478.3939,10.28,5
0478.5578,10.27,5
0478.7217,10.26,5
0478.8856,10.26,5
0479.0494,10.25,5
0479.2133,10.24,5
0479.3772,10.23,5
0479.5411,10.23,5
0479.7050,10.22,5
0479.8689,10.21,5
0480.0328,10.20,5
0480.1967,10.19,5
0480.3606,10.19,5
0480.5244,10.18,5
0480.6883,10.18,5
0480.8522,10.17,5
0481.0161,10.16,5
0481.1800,10.15,5
0481.3439,10.14,5
0481.5078,10.13,5
0481.6717,10.12,5
0481.8356,10.11,5
0481.9995,10.11,5
0482.1633,10.10,5
0482.3272,10.09,5
0482.4911,10.08,5
0482.6550,10.08,5
0482.8189,10.07,5
0482.9828,10.05,5
0483.1467,10.05,5
0483.3106,10.04,5
0483.4745,10.03,5
0483.6384,10.02,5
0483.8022,10.01,5
0483.9661,10.00,5
0484.1300,09.99,5
0484.2939,09.99,5
0484.4578,09.98,5
0484.6217,09.97,5
0484.7856,09.96,5
0484.9495,09.96,5
0485.1134,09.95,5
0485.2772,09.93,5
0485.4411,09.93,5
0485.6050,09.91,5
0485.7689,09.91,5
0485.9328,09.90,5
0486.0967,09.89,5
0486.2606,09.88,5
0486.4245,09.88,5
0486.5884,09.87,5
0486.7523,09.87,5
0486.9161,09.86,5
0487.0800,09.85,5
0487.2439,09.85,5
0487.4078,09.84,5
0487.5717,09.83,5
0487.7356,09.83,5
0487.8995,09.82,5
0488.0634,09.81,5
0488.2273,09.81,5
0488.3911,09.80,5
0488.5550,09.80,5
0488.7189,09.79,5
0488.8828,09.79,5
0489.0467,09.78,5
0489.2106,09.78,5
0489.3745,09.77,5
0489.5384,09.76,5
0489.7023,09.76,5
0489.8662,09.75,5
0490.0300,09.75,5
0490.1939,09.74,5
0490.3578,09.74,5
0490.5217,09.73,5
0490.6856,09.73,5
0490.8495,09.73,5
0491.0134,09.72,5
0491.1773,09.72,5
0491.3412,09.71,5
0491.5051,09.71,5
0491.6689,09.70,5
0491.8328,09.70,5
0491.9967,09.69,5
0492.1606,09.69,5
0492.3245,09.68,5
0492.4884,09.68,5
0492.6523,09.68,5
0492.8162,09.67,5
0492.9801,09.67,5
0493.1439,09.66,5
0493.3078,09.66,5
0493.4717,09.65,5
0493.6356,09.64,5
0493.7995,09.64,5
0493.9634,09.63,5
0494.1273,09.63,5
0494.2912,09.62,5
0494.4551,09.62,5
0494.6190,09.62,5
0494.7828,09.61,5
0494.9467,09.61,5
0495.1106,09.60,5
0495.2745,09.60,5
0495.4384,09.59,5
0495.6023,09.59,5
0495.7662,09.58,5
0495.9301,09.57,5
0496.0940,09.57,5
0496.2579,09.56,5
0496.4217,09.56,5
0496.5856,09.55,5
0496.7495,09.55,5
0496.9134,09.55,5
0497.0773,09.54,5
0497.2412,09.53,5
0497.4051,09.53,5
0497.5690,09.52,5
0497.7329,09.52,5
0497.8967,09.51,5
0498.0606,09.51,5
0498.2245,09.50,5
0498.3884,09.50,5
0498.5523,09.49,5
0498.7162,09.49,5
0498.8801,09.49,5
0499.0440,09.48,5
0499.2079,09.48,5
0499.3718,09.47,5
0499.5356,09.47,5
0499.6995,09.46,5
0499.8634,09.46,5
0500.0273,09.45,5
0500.1912,09.44,5
0500.3551,09.44,5
0500.5190,09.44,5
0500.6829,09.43,5
0500.8468,09.42,5
0501.0107,09.42,5
0501.1745,09.42,5
0501.3384,09.41,5
0501.5023,09.41,5
0501.6662,09.41,5
0501.8301,09.40,5
0501.9940,09.39,5
0502.1579,09.39,5
0502.3218,09.39,5
0502.4857,09.38,5
0502.6495,09.38,5
0502.8134,09.37,5
0502.9773,09.36,5
0503.1412,09.36,5
0503.3051,09.36,5
0503.4690,09.35,5
0503.6329,09.34,1
0503.7968,09.34,1
0503.9607,09.33,1
0504.1246,09.33,1
0504.2884,09.32,1
0504.4523,09.32,1
0504.6162,09.31,1
0504.7801,09.30,1
0504.9440,09.30,1
0505.1079,09.29,1
0505.2718,09.29,1
0505.4357,09.28,1
0505.5996,09.28,1
0505.7635,09.27,1
0505.9273,09.27,1
0506.0912,09.26,1
0506.2551,09.26,1
0506.4190,09.25,1
0506.5829,09.24,1
0506.7468,09.24,1
0506.9107,09.23,1
0507.0746,09.23,1
0507.2385,09.22,1
0507.4023,09.22,1
0507.5662,09.21,1
0507.7301,09.21,1
0507.8940,09.20,1
0508.0579,09.20,1
0508.2218,09.20,1
0508.3857,09.19,1
0508.5496,09.19,1
0508.7135,09.18,1
0508.8774,09.18,1
0509.0412,09.17,1
0509.2051,09.17,1
0509.3690,09.16,1
0509.5329,09.16,1
0509.6968,09.15,1
0509.8607,09.14,1
0510.0246,09.14,1
0510.1885,09.14,1
0510.3524,09.14,1
0510.5163,09.13,1
0510.6801,09.12,1
0510.8440,09.12,1
0511.0079,09.12,1
0511.1718,09.11,1
0511.3357,09.11,1
0511.4996,09.11,1
0511.6635,09.10,1
0511.8274,09.10,1
0511.9913,09.10,1
0512.1551,09.10,1
0512.3190,09.09,1
0512.4829,09.09,1
0512.6468,09.08,1
0512.8107,09.08,1
0512.9746,09.07,1
0513.1385,09.07,1
0513.3024,09.07,1
0513.4663,09.07,1
0513.6302,09.06,1
0513.7940,09.06,1
0513.9579,09.06,1
0514.1218,09.06,1
0514.2857,09.05,1
0514.4496,09.05,1
0514.6135,09.05,1
0514.7774,09.05,1
0514.9413,09.05,1
0515.1052,09.05,1
0515.2691,09.05,1
0515.4329,09.04,1
0515.5968,09.04,1
0515.7607,09.04,1
0515.9246,09.04,1
0516.0885,09.04,1
0516.2524,09.04,1
0516.4163,09.04,1
0516.5802,09.04,1
0516.7441,09.04,1
0516.9079,09.04,1
0517.0718,09.03,1
0517.2357,09.03,1
0517.3996,09.03,1
0517.5635,09.03,1
0517.7274,09.03,1
0517.8913,09.03,1
0518.0552,09.03,1
0518.2191,09.03,1
0518.3830,09.03,1
0518.5468,09.03,1
0518.7107,09.03,1
0518.8746,09.04,1
0519.0385,09.04,1
0519.2024,09.04,1
0519.3663,09.04,1
0519.5302,09.04,1
0519.6941,09.04,1
0519.8580,09.04,1
0520.0219,09.04,1
0520.1857,09.04,1
0520.3496,09.04,1
0520.5135,09.04,1
0520.6774,09.04,1
0520.8413,09.05,1
0521.0052,09.05,1
0521.1691,09.05,1
0521.3330,09.06,1
0521.4969,09.06,1
0521.6607,09.06,1
0521.8246,09.06,1
0521.9885,09.07,1
0522.1524,09.07,1
0522.3163,09.07,1
0522.4802,09.08,1
0522.6441,09.08,1
0522.8080,09.09,1
0522.9719,09.09,1
0523.1358,09.09,1
0523.2996,09.10,1
0523.4635,09.10,5
0523.6274,09.10,5
0523.7913,09.11,5
0523.9552,09.11,5
0524.1191,09.11,5
0524.2830,09.12,5
0524.4469,09.12,5
0524.6108,09.13,5
0524.7747,09.14,5
0524.9385,09.14,5
0525.1024,09.15,5
0525.2663,09.16,5
0525.4302,09.16,5
0525.5941,09.17,5
0525.7580,09.18,5
0525.9219,09.18,5
0526.0858,09.18,5
0526.2497,09.19,5
0526.4135,09.20,5
0526.5774,09.20,5
0526.7413,09.21,5
0526.9052,09.22,5
0527.0691,09.23,5
0527.2330,09.23,5
0527.3969,09.24,5
0527.5608,09.25,5
0527.7247,09.25,5
0527.8886,09.26,5
0528.0524,09.26,5
0528.2163,09.27,5
0528.3802,09.28,5
0528.5441,09.29,5
0528.7080,09.29,5
0528.8719,09.30,5
0529.0358,09.31,5
0529.1997,09.32,5
0529.3636,09.32,5
0529.5275,09.33,5
0529.6913,09.34,5
0529.8552,09.34,5
0530.0191,09.35,5
0530.1830,09.36,5
0530.3469,09.36,5
0530.5108,09.37,5
0530.6747,09.38,5
0530.8386,09.39,5
0531.0025,09.39,5
0531.1663,09.40,5
0531.3302,09.41,5
0531.4941,09.41,5
0531.6580,09.42,5
0531.8219,09.43,5
0531.9858,09.44,5
0532.1497,09.44,5
0532.3136,09.45,5
0532.4775,09.46,5
0532.6414,09.46,5
0532.8052,09.47,5
0532.9691,09.48,5
0533.1330,09.48,5
0533.2969,09.49,5
0533.4608,09.50,5
0533.6247,09.50,5
0533.7886,09.51,5
0533.9525,09.52,5
0534.1164,09.52,5
0534.2803,09.53,5
0534.4441,09.54,5
0534.6080,09.55,5
0534.7719,09.55,5
0534.9358,09.56,5
0535.0997,09.57,5
0535.2636,09.57,5
0535.4275,09.58,5
0535.5914,09.59,5
0535.7553,09.59,5
0535.9191,09.60,5
0536.0830,09.61,5
0536.2469,09.61,5
0536.4108,09.62,5
0536.5747,09.62,5
0536.7386,09.63,5
0536.9025,09.64,5
0537.0664,09.65,5
0537.2303,09.65,5
0537.3942,09.66,5
0537.5580,09.67,5
0537.7219,09.68,5
0537.8858,09.68,5
0538.0497,09.69,5
0538.2136,09.69,5
0538.3775,09.70,5
0538.5414,09.71,5
0538.7053,09.71,5
0538.8692,09.72,5
0539.0331,09.73,5
0539.1969,09.74,5
0539.3608,09.75,5
0539.5247,09.75,5
0539.6886,09.76,5
0539.8525,09.77,5
0540.0164,09.77,5
0540.1803,09.78,5
0540.3442,09.79,5
0540.5081,09.79,5
0540.6719,09.80,5
0540.8358,09.81,5
0540.9997,09.82,5
0541.1636,09.82,5
0541.3275,09.84,5
0541.4914,09.84,5
0541.6553,09.85,5
0541.8192,09.86,1
0541.9831,09.86,1
0542.1470,09.86,1
0542.3108,09.87,1
0542.4747,09.88,1
0542.6386,09.88,1
0542.8025,09.89,1
0542.9664,09.89,1
0543.1303,09.90,1
0543.2942,09.91,1
0543.4581,09.91,1
0543.6220,09.92,1
0543.7859,09.93,1
0543.9497,09.93,1
0544.1136,09.94,1
0544.2775,09.94,1
0544.4414,09.95,1
0544.6053,09.95,1
0544.7692,09.95,1
0544.9331,09.96,1
0545.0970,09.96,1
0545.2609,09.97,1
0545.4247,09.98,1
0545.5886,09.98,1
0545.7525,09.98,1
0545.9164,09.99,1
0546.0803,09.99,1
0546.2442,10.00,1
0546.4081,10.00,1
0546.5720,10.00,1
0546.7359,10.00,1
0546.8998,10.01,1
0547.0636,10.01,1
0547.2275,10.01,1
0547.3914,10.01,1
0547.5553,10.01,1
0547.7192,10.02,1
0547.8831,10.02,1
0548.0470,10.02,1
0548.2109,10.02,1
0548.3748,10.02,1
0548.5387,10.02,1
0548.7025,10.02,1
0548.8664,10.02,1
0549.0303,10.02,1
0549.1942,10.02,1
0549.3581,10.02,1
0549.5220,10.03,1
0549.6859,10.03,1
0549.8498,10.03,1
0550.0137,10.03,1
0550.1775,10.03,1
0550.3414,10.03,1
0550.5053,10.02,1
0550.6692,10.02,1
0550.8331,10.02,1
0550.9970,10.02,1
0551.1609,10.02,1
0551.3248,10.02,1
0551.4887,10.02,1
0551.6526,10.02,1
0551.8164,10.03,1
0551.9803,10.02,1
0552.1442,10.02,1
0552.3081,10.03,1
0552.4720,10.03,5
0552.6359,10.03,5
0552.7998,10.02,5
0552.9637,10.02,5
0553.1276,10.02,5
0553.2915,10.02,5
0553.4553,10.02,5
0553.6192,10.02,5
0553.7831,10.02,5
0553.9470,10.02,5
0554.1109,10.02,5
0554.2748,10.02,5
0554.4387,10.02,5
0554.6026,10.02,5
0554.7665,10.02,5
0554.9303,10.02,5
0555.0942,10.02,5
0555.2581,10.02,5
0555.4220,10.02,5
0555.5859,10.02,5
0555.7498,10.02,5
0555.9137,10.02,5
0556.0776,10.02,5
0556.2415,10.02,5
0556.4054,10.02,5
0556.5692,10.02,5
0556.7331,10.02,5
0556.8970,10.02,5
0557.0609,10.02,5
0557.2248,10.02,5
0557.3887,10.03,5
0557.5526,10.03,5
0557.7165,10.03,5
0557.8804,10.03,5
0558.0443,10.03,5
0558.2081,10.04,5
0558.3720,10.04,5
0558.5359,10.04,5
0558.6998,10.04,5
0558.8637,10.04,5
0559.0276,10.04,5
0559.1915,10.04,5
0559.3554,10.05,5
0559.5193,10.05,5
0559.6831,10.05,5
0559.8470,10.05,5
0560.0109,10.05,5
0560.1748,10.05,5
0560.3387,10.06,5
0560.5026,10.06,5
0560.6665,10.06,5
0560.8304,10.06,5
0560.9943,10.06,5
0561.1582,10.06,5
0561.3220,10.06,5
0561.4859,10.07,5
0561.6498,10.07,5
0561.8137,10.07,5
0561.9776,10.07,5
0562.1415,10.08,5
0562.3054,10.08,5
0562.4693,10.08,5
0562.6332,10.09,5
0562.7970,10.09,5
0562.9609,10.09,5
0563.1248,10.09,3
0563.2887,10.09,3
0563.4526,10.09,3
0563.6165,10.10,3
0563.7804,10.10,3
0563.9443,10.10,3
0564.1082,10.11,3
0564.2721,10.11,3
0564.4359,10.11,3
0564.5998,10.12,3
0564.7637,10.12,3
0564.9276,10.12,3
0565.0915,10.13,3
0565.2554,10.13,3
0565.4193,10.14,3
0565.5832,10.14,3
0565.7471,10.15,3
0565.9110,10.15,3
0566.0748,10.15,3
0566.2387,10.16,3
0566.4026,10.16,3
0566.5665,10.16,3
0566.7304,10.16,3
0566.8943,10.17,3
0567.0582,10.17,3
0567.2221,10.18,3
0567.3860,10.18,3
0567.5498,10.19,3
0567.7137,10.19,3
0567.8776,10.20,3
0568.0415,10.21,3
0568.2054,10.21,3
0568.3693,10.22,3
0568.5332,10.22,3
0568.6971,10.22,3
0568.8610,10.23,3
0569.0249,10.24,3
0569.1887,10.24,3
0569.3526,10.25,3
0569.5165,10.26,3
0569.6804,10.26,3
0569.8443,10.27,3
0570.0082,10.27,3
0570.1721,10.28,3
0570.3360,10.29,3
0570.4999,10.29,3
0570.6638,10.30,3
0570.8276,10.31,3
0570.9915,10.31,3
0571.1554,10.32,3
0571.3193,10.33,3
0571.4832,10.34,3
0571.6471,10.35,3
0571.8110,10.35,3
0571.9749,10.36,3
0572.1388,10.37,3
0572.3026,10.38,3
0572.4665,10.38,3
0572.6304,10.39,3
0572.7943,10.40,3
0572.9582,10.40,3
0573.1221,10.41,3
0573.2860,10.42,3
0573.4499,10.42,3
0573.6138,10.43,3
0573.7777,10.44,3
0573.9415,10.44,3
0574.1054,10.45,3
0574.2693,10.45,3
0574.4332,10.46,3
0574.5971,10.47,3
0574.7610,10.47,3
0574.9249,10.48,3
0575.0888,10.49,3
0575.2527,10.50,3
0575.4166,10.50,3
0575.5804,10.52,3
0575.7443,10.52,3
0575.9082,10.53,3
0576.0721,10.54,3
0576.2360,10.54,3
0576.3999,10.55,3
0576.5638,10.56,3
0576.7277,10.56,3
0576.8916,10.57,3
0577.0554,10.58,3
0577.2193,10.58,3
0577.3832,10.59,3
0577.5471,10.60,3
0577.7110,10.61,3
0577.8749,10.61,3
0578.0388,10.63,3
0578.2027,10.63,3
0578.3666,10.64,3
0578.5305,10.64,3
0578.6943,10.65,3
0578.8582,10.66,3
0579.0221,10.66,3
0579.1860,10.68,3
0579.3499,10.68,3
0579.5138,10.69,3
0579.6777,10.70,3
0579.8416,10.71,3
0580.0055,10.72,3
0580.1694,10.73,3
0580.3332,10.73,3
0580.4971,10.75,3
0580.6610,10.75,3
0580.8249,10.76,3
0580.9888,10.77,3
0581.1527,10.78,3
0581.3166,10.79,3
0581.4805,10.80,3
0581.6444,10.81,3
0581.8082,10.82,3
0581.9721,10.83,3
0582.1360,10.84,3
0582.2999,10.85,3
0582.4638,10.86,3
0582.6277,10.87,3
0582.7916,10.88,3
0582.9555,10.89,3
0583.1194,10.90,3
0583.2833,10.91,3
0583.4471,10.92,3
0583.6110,10.93,3
0583.7749,10.94,3
0583.9388,10.95,3
0584.1027,10.95,3
0584.2666,10.97,3
0584.4305,10.97,3
0584.5944,10.98,3
0584.7583,10.99,3
0584.9222,11.00,3
0585.0860,11.02,3
0585.2499,11.02,3
0585.4138,11.04,3
0585.5777,11.04,3
0585.7416,11.05,3
0585.9055,11.06,3
0586.0694,11.07,3
0586.2333,11.07,3
0586.3972,11.09,3
0586.5610,11.09,3
0586.7249,11.10,3
0586.8888,11.11,3
0587.0527,11.11,3
0587.2166,11.13,3
0587.3805,11.13,3
0587.5444,11.14,3
0587.7083,11.15,3
0587.8722,11.16,3
0588.0361,11.16,3
0588.1999,11.17,3
0588.3638,11.17,3
0588.5277,11.18,3
0588.6916,11.18,3
0588.8555,11.19,3
0589.0194,11.20,3
0589.1833,11.20,3
0589.3472,11.20,3
0589.5111,11.21,3
0589.6750,11.21,3
0589.8388,11.22,3
0590.0027,11.22,3
0590.1666,11.23,3
0590.3305,11.23,3
0590.4944,11.24,3
0590.6583,11.24,3
0590.8222,11.24,3
0590.9861,11.24,3
0591.1500,11.24,3
0591.3138,11.25,3
0591.4777,11.25,3
0591.6416,11.25,3
0591.8055,11.26,3
0591.9694,11.26,3
0592.1333,11.27,3
0592.2972,11.27,3
0592.4611,11.28,3
0592.6250,11.28,3
0592.7889,11.28,3
0592.9527,11.28,3
0593.1166,11.28,3
0593.2805,11.29,3
0593.4444,11.29,3
0593.6083,11.29,3
0593.7722,11.29,3
0593.9361,11.29,3
0594.1000,11.30,3
0594.2639,11.30,3
0594.4278,11.30,3
0594.5916,11.29,3
0594.7555,11.30,3
0594.9194,11.30,3
0595.0833,11.30,3
0595.2472,11.30,3
0595.4111,11.30,3
0595.5750,11.31,3
0595.7389,11.31,3
0595.9028,11.31,3
0596.0666,11.31,3
0596.2305,11.31,3
0596.3944,11.31,3
0596.5583,11.31,3
0596.7222,11.31,3
0596.8861,11.31,3
0597.0500,11.31,3
0597.2139,11.31,3
0597.3778,11.31,3
0597.5417,11.32,3
0597.7055,11.32,3
0597.8694,11.32,3
0598.0333,11.32,3
0598.1972,11.32,3
0598.3611,11.32,3
0598.5250,11.32,3
0598.6889,11.32,3
0598.8528,11.32,3
0599.0167,11.32,3
0599.1806,11.32,3
0599.3444,11.32,3
0599.5083,11.33,3
0599.6722,11.33,3
0599.8361,11.33,3
