Time[s],Rotational_speed[rpm],Status
0000.0000,11.32,3
0000.1639,11.32,3
0000.3278,11.32,3
0000.4917,11.33,3
0000.6556,11.33,3
0000.8194,11.32,3
0000.9833,11.32,3
0001.1472,11.32,3
0001.3111,11.32,3
0001.4750,11.32,3
0001.6389,11.32,3
0001.8028,11.32,3
0001.9667,11.32,3
0002.1306,11.32,3
0002.2945,11.32,3
0002.4583,11.32,3
0002.6222,11.32,3
0002.7861,11.31,3
0002.9500,11.31,3
0003.1139,11.32,3
0003.2778,11.31,3
0003.4417,11.31,3
0003.6056,11.31,3
0003.7695,11.31,3
0003.9334,11.31,3
0004.0972,11.31,3
0004.2611,11.30,3
0004.4250,11.30,3
0004.5889,11.29,3
0004.7528,11.29,3
0004.9167,11.29,3
0005.0806,11.29,3
0005.2445,11.28,3
0005.4084,11.27,3
0005.5722,11.27,3
0005.7361,11.27,3
0005.9000,11.27,3
0006.0639,11.27,3
0006.2278,11.26,3
0006.3917,11.25,3
0006.5556,11.25,3
0006.7195,11.24,3
0006.8834,11.23,3
0007.0473,11.23,3
0007.2111,11.22,3
0007.3750,11.22,3
0007.5389,11.22,3
0007.7028,11.21,3
0007.8667,11.21,3
0008.0306,11.20,3
0008.1945,11.20,3
0008.3584,11.19,3
0008.5223,11.19,3
0008.6862,11.18,3
0008.8500,11.18,3
0009.0139,11.17,3
0009.1778,11.17,3
0009.3417,11.16,3
0009.5056,11.15,3
0009.6695,11.15,3
0009.8334,11.14,3
0009.9973,11.13,3
0010.1612,11.12,3
0010.3250,11.11,3
0010.4889,11.11,3
0010.6528,11.10,3
0010.8167,11.09,3
0010.9806,11.08,3
0011.1445,11.08,3
0011.3084,11.08,3
0011.4723,11.07,3
0011.6362,11.07,3
0011.8001,11.06,3
0011.9639,11.05,3
0012.1278,11.05,3
0012.2917,11.04,3
0012.4556,11.03,3
0012.6195,11.03,3
0012.7834,11.02,3
0012.9473,11.01,3
0013.1112,11.01,3
0013.2751,11.01,3
0013.4390,11.00,3
0013.6028,11.00,3
0013.7667,10.99,3
0013.9306,10.99,3
0014.0945,10.98,3
0014.2584,10.97,3
0014.4223,10.97,3
0014.5862,10.96,3
0014.7501,10.96,3
0014.9140,10.96,3
0015.0778,10.96,3
0015.2417,10.95,3
0015.4056,10.95,3
0015.5695,10.94,3
0015.7334,10.94,3
0015.8973,10.94,3
0016.0612,10.93,3
0016.2251,10.93,3
0016.3890,10.92,3
0016.5529,10.92,3
0016.7167,10.93,3
0016.8806,10.93,3
0017.0445,10.93,3
0017.2084,10.92,3
0017.3723,10.92,3
0017.5362,10.92,3
0017.7001,10.92,3
0017.8640,10.92,3
0018.0279,10.91,3
0018.1918,10.91,3
0018.3556,10.91,3
0018.5195,10.91,3
0018.6834,10.92,3
0018.8473,10.92,3
0019.0112,10.92,3
0019.1751,10.91,3
0019.3390,10.92,3
0019.5029,10.92,3
0019.6668,10.92,3
0019.8306,10.92,3
0019.9945,10.91,3
0020.1584,10.91,3
0020.3223,10.92,3
0020.4862,10.93,3
0020.6501,10.93,3
0020.8140,10.92,3
0020.9779,10.92,3
0021.1418,10.93,3
0021.3057,10.93,3
0021.4695,10.93,3
0021.6334,10.93,3
0021.7973,10.93,3
0021.9612,10.94,3
0022.1251,10.95,3
0022.2890,10.96,3
0022.4529,10.96,3
0022.6168,10.96,3
0022.7807,10.96,3
0022.9446,10.97,3
0023.1084,10.97,3
0023.2723,10.98,3
0023.4362,10.98,3
0023.6001,10.98,3
0023.7640,10.99,3
0023.9279,11.00,3
0024.0918,11.02,3
0024.2557,11.02,3
0024.4196,11.03,3
0024.5834,11.03,3
0024.7473,11.04,3
0024.9112,11.04,3
0025.0751,11.06,3
0025.2390,11.06,3
0025.4029,11.06,3
0025.5668,11.07,3
0025.7307,11.09,3
0025.8946,11.10,3
0026.0585,11.10,3
0026.2223,11.11,3
0026.3862,11.11,3
0026.5501,11.12,3
0026.7140,11.12,3
0026.8779,11.13,3
0027.0418,11.13,3
0027.2057,11.13,3
0027.3696,11.14,3
0027.5335,11.15,3
0027.6974,11.16,3
0027.8612,11.17,3
0028.0251,11.17,3
0028.1890,11.18,3
0028.3529,11.18,3
0028.5168,11.18,3
0028.6807,11.19,3
0028.8446,11.19,3
0029.0085,11.19,3
0029.1724,11.20,3
0029.3362,11.20,3
0029.5001,11.21,3
0029.6640,11.21,3
0029.8279,11.22,3
0029.9918,11.22,3
0030.1557,11.22,3
0030.3196,11.22,3
0030.4835,11.22,3
0030.6474,11.22,3
0030.8113,11.22,3
0030.9751,11.22,3
0031.1390,11.23,3
0031.3029,11.23,3
0031.4668,11.23,3
0031.6307,11.23,3
0031.7946,11.23,3
0031.9585,11.23,3
0032.1224,11.23,3
0032.2863,11.23,3
0032.4502,11.23,3
0032.6140,11.23,3
0032.7779,11.22,3
0032.9418,11.22,3
0033.1057,11.22,3
0033.2696,11.23,3
0033.4335,11.23,3
0033.5974,11.22,3
0033.7613,11.22,3
0033.9252,11.22,3
0034.0890,11.21,3
0034.2529,11.21,3
0034.4168,11.21,3
0034.5807,11.21,3
0034.7446,11.21,3
0034.9085,11.21,3
0035.0724,11.21,3
0035.2363,11.21,3
0035.4002,11.21,3
0035.5641,11.21,3
0035.7279,11.21,3
0035.8918,11.20,3
0036.0557,11.20,3
0036.2196,11.20,3
0036.3835,11.20,3
0036.5474,11.20,3
0036.7113,11.20,3
0036.8752,11.20,3
0037.0391,11.20,3
0037.2030,11.19,3
0037.3668,11.19,3
0037.5307,11.18,3
0037.6946,11.18,3
0037.8585,11.18,3
0038.0224,11.18,3
0038.1863,11.18,3
0038.3502,11.18,3
0038.5141,11.18,3
0038.6780,11.18,3
0038.8418,11.18,3
0039.0057,11.17,3
0039.1696,11.17,3
0039.3335,11.17,3
0039.4974,11.17,3
0039.6613,11.17,3
0039.8252,11.17,3
0039.9891,11.17,3
0040.1530,11.16,3
0040.3169,11.16,3
0040.4807,11.16,3
0040.6446,11.16,3
0040.8085,11.16,3
0040.9724,11.16,3
0041.1363,11.15,3
0041.3002,11.15,3
0041.4641,11.15,3
0041.6280,11.15,3
0041.7919,11.15,3
0041.9557,11.15,3
0042.1196,11.15,3
0042.2835,11.15,3
0042.4474,11.15,3
0042.6113,11.15,3
0042.7752,11.14,3
0042.9391,11.14,3
0043.1030,11.14,3
0043.2669,11.14,3
0043.4308,11.14,3
0043.5946,11.14,3
0043.7585,11.13,3
0043.9224,11.13,3
0044.0863,11.13,3
0044.2502,11.13,3
0044.4141,11.13,3
0044.5780,11.13,3
0044.7419,11.13,3
0044.9058,11.13,3
0045.0697,11.13,3
0045.2335,11.13,3
0045.3974,11.13,3
0045.5613,11.13,3
0045.7252,11.13,3
0045.8891,11.13,3
0046.0530,11.13,3
0046.2169,11.13,3
0046.3808,11.13,3
0046.5447,11.13,3
0046.7085,11.13,3
0046.8724,11.13,3
0047.0363,11.13,3
0047.2002,11.13,3
0047.3641,11.13,3
0047.5280,11.13,3
0047.6919,11.13,3
0047.8558,11.13,3
0048.0197,11.13,3
0048.1836,11.13,3
0048.3474,11.13,3
0048.5113,11.13,3
0048.6752,11.13,3
0048.8391,11.13,3
0049.0030,11.13,3
0049.1669,11.14,3
0049.3308,11.14,3
0049.4947,11.14,3
0049.6586,11.14,3
0049.8225,11.14,3
0049.9863,11.14,3
0050.1502,11.14,3
0050.3141,11.14,3
0050.4780,11.14,3
0050.6419,11.14,3
0050.8058,11.15,3
0050.9697,11.15,3
0051.1336,11.15,3
0051.2975,11.15,3
0051.4613,11.15,3
0051.6252,11.15,3
0051.7891,11.15,3
0051.9530,11.15,3
0052.1169,11.16,3
0052.2808,11.16,3
0052.4447,11.16,3
0052.6086,11.16,3
0052.7725,11.16,3
0052.9364,11.17,3
0053.1002,11.17,3
0053.2641,11.16,3
0053.4280,11.16,3
0053.5919,11.16,3
0053.7558,11.16,3
0053.9197,11.16,3
0054.0836,11.16,3
0054.2475,11.16,3
0054.4114,11.16,3
0054.5753,11.16,3
0054.7391,11.16,3
0054.9030,11.16,3
0055.0669,11.16,3
0055.2308,11.16,3
0055.3947,11.16,3
0055.5586,11.16,3
0055.7225,11.16,3
0055.8864,11.15,3
0056.0503,11.15,3
0056.2141,11.15,3
0056.3780,11.15,3
0056.5419,11.15,3
0056.7058,11.15,3
0056.8697,11.15,3
0057.0336,11.15,3
0057.1975,11.14,3
0057.3614,11.14,3
0057.5253,11.14,3
0057.6892,11.14,3
0057.8530,11.13,3
0058.0169,11.13,3
0058.1808,11.13,3
0058.3447,11.13,3
0058.5086,11.13,3
0058.6725,11.12,3
0058.8364,11.12,3
0059.0003,11.11,3
0059.1642,11.11,3
0059.3281,11.11,3
0059.4919,11.11,3
0059.6558,11.11,3
0059.8197,11.10,3
0059.9836,11.10,3
0060.1475,11.10,3
0060.3114,11.09,3
0060.4753,11.09,3
0060.6392,11.08,3
0060.8031,11.08,3
0060.9669,11.08,3
0061.1308,11.08,3
0061.2947,11.07,3
0061.4586,11.07,3
0061.6225,11.07,3
0061.7864,11.06,3
0061.9503,11.06,3
0062.1142,11.06,3
0062.2781,11.06,3
0062.4420,11.05,3
0062.6058,11.05,3
0062.7697,11.05,3
0062.9336,11.05,3
0063.0975,11.05,3
0063.2614,11.04,3
0063.4253,11.04,3
0063.5892,11.03,3
0063.7531,11.03,3
0063.9170,11.03,3
0064.0809,11.03,3
0064.2447,11.02,3
0064.4086,11.02,3
0064.5725,11.02,3
0064.7364,11.01,3
0064.9003,11.01,3
0065.0642,11.01,3
0065.2281,11.00,3
0065.3920,11.00,3
0065.5559,11.00,3
0065.7197,11.00,3
0065.8836,11.00,3
0066.0475,11.00,3
0066.2114,10.99,3
0066.3753,10.99,3
0066.5392,10.99,3
0066.7031,10.98,3
0066.8670,10.98,3
0067.0309,10.97,3
0067.1948,10.97,3
0067.3586,10.97,3
0067.5225,10.97,3
0067.6864,10.97,3
0067.8503,10.96,3
0068.0142,10.96,3
0068.1781,10.95,3
0068.3420,10.95,3
0068.5059,10.95,3
0068.6698,10.94,3
0068.8337,10.94,3
0068.9975,10.93,3
0069.1614,10.93,3
0069.3253,10.93,3
0069.4892,10.93,3
0069.6531,10.92,3
0069.8170,10.92,3
0069.9809,10.91,3
0070.1448,10.91,3
0070.3087,10.91,3
0070.4725,10.90,3
0070.6364,10.90,3
0070.8003,10.89,3
0070.9642,10.89,3
0071.1281,10.88,3
0071.2920,10.88,3
0071.4559,10.87,3
0071.6198,10.87,3
0071.7837,10.87,3
0071.9476,10.86,3
0072.1114,10.86,3
0072.2753,10.86,3
0072.4392,10.85,3
0072.6031,10.85,3
0072.7670,10.84,3
0072.9309,10.84,3
0073.0948,10.83,3
0073.2587,10.83,3
0073.4226,10.83,3
0073.5865,10.82,3
0073.7503,10.82,3
0073.9142,10.81,3
0074.0781,10.81,3
0074.2420,10.80,3
0074.4059,10.80,3
0074.5698,10.79,3
0074.7337,10.79,3
0074.8976,10.78,3
0075.0615,10.78,3
0075.2253,10.77,3
0075.3892,10.77,3
0075.5531,10.76,3
0075.7170,10.75,3
0075.8809,10.75,3
0076.0448,10.74,3
0076.2087,10.74,3
0076.3726,10.74,3
0076.5365,10.73,3
0076.7004,10.73,3
0076.8642,10.72,3
0077.0281,10.72,3
0077.1920,10.71,3
0077.3559,10.71,3
0077.5198,10.70,3
0077.6837,10.70,3
0077.8476,10.69,3
0078.0115,10.69,3
0078.1754,10.68,3
0078.3393,10.68,3
0078.5031,10.68,3
0078.6670,10.67,3
0078.8309,10.67,3
0078.9948,10.66,3
0079.1587,10.66,3
0079.3226,10.65,3
0079.4865,10.65,3
0079.6504,10.64,3
0079.8143,10.64,3
0079.9781,10.64,3
0080.1420,10.63,3
0080.3059,10.63,3
0080.4698,10.62,3
0080.6337,10.62,3
0080.7976,10.61,3
0080.9615,10.61,3
0081.1254,10.60,3
0081.2893,10.59,3
0081.4532,10.59,3
0081.6170,10.58,3
0081.7809,10.58,3
0081.9448,10.57,3
0082.1087,10.57,3
0082.2726,10.57,3
0082.4365,10.56,3
0082.6004,10.56,3
0082.7643,10.55,3
0082.9282,10.55,3
0083.0921,10.54,3
0083.2559,10.53,3
0083.4198,10.53,3
0083.5837,10.52,3
0083.7476,10.52,3
0083.9115,10.52,3
0084.0754,10.51,3
0084.2393,10.51,3
0084.4032,10.50,3
0084.5671,10.50,3
0084.7309,10.50,3
0084.8948,10.49,3
0085.0587,10.49,3
0085.2226,10.48,3
0085.3865,10.48,3
0085.5504,10.48,3
0085.7143,10.47,3
0085.8782,10.47,3
0086.0421,10.47,3
0086.2060,10.46,3
0086.3698,10.46,3
0086.5337,10.46,3
0086.6976,10.46,3
0086.8615,10.45,3
0087.0254,10.45,3
0087.1893,10.45,3
0087.3532,10.45,3
0087.5171,10.45,3
0087.6810,10.44,3
0087.8449,10.44,3
0088.0087,10.44,3
0088.1726,10.44,3
0088.3365,10.44,3
0088.5004,10.43,3
0088.6643,10.43,3
0088.8282,10.43,3
0088.9921,10.43,3
0089.1560,10.43,3
0089.3199,10.43,3
0089.4837,10.43,3
0089.6476,10.43,3
0089.8115,10.42,3
0089.9754,10.42,3
0090.1393,10.42,3
0090.3032,10.42,3
0090.4671,10.42,3
0090.6310,10.42,3
0090.7949,10.42,3
0090.9588,10.42,3
0091.1226,10.42,3
0091.2865,10.42,3
0091.4504,10.42,3
0091.6143,10.41,3
0091.7782,10.41,3
0091.9421,10.41,3
0092.1060,10.41,3
0092.2699,10.41,3
0092.4338,10.41,3
0092.5977,10.41,3
0092.7615,10.41,3
0092.9254,10.41,3
0093.0893,10.41,3
0093.2532,10.41,3
0093.4171,10.41,3
0093.5810,10.41,3
0093.7449,10.41,3
0093.9088,10.41,3
0094.0727,10.41,3
0094.2365,10.41,3
0094.4004,10.41,3
0094.5643,10.41,3
0094.7282,10.41,3
0094.8921,10.42,3
0095.0560,10.42,3
0095.2199,10.42,3
0095.3838,10.42,3
0095.5477,10.42,3
0095.7116,10.42,3
0095.8754,10.43,3
0096.0393,10.43,3
0096.2032,10.43,3
0096.3671,10.44,3
0096.5310,10.44,3
0096.6949,10.44,3
0096.8588,10.45,3
0097.0227,10.45,3
0097.1866,10.46,3
0097.3505,10.46,3
0097.5143,10.47,3
0097.6782,10.47,3
0097.8421,10.47,3
0098.0060,10.48,3
0098.1699,10.48,3
0098.3338,10.49,3
0098.4977,10.49,3
0098.6616,10.50,3
0098.8255,10.51,3
0098.9893,10.51,3
0099.1532,10.52,3
0099.3171,10.52,3
0099.4810,10.53,3
0099.6449,10.54,3
0099.8088,10.54,3
0099.9727,10.55,3
0100.1366,10.55,3
0100.3005,10.56,3
0100.4644,10.56,3
0100.6282,10.58,3
0100.7921,10.58,3
0100.9560,10.59,3
0101.1199,10.59,3
0101.2838,10.60,3
0101.4477,10.61,3
0101.6116,10.61,3
0101.7755,10.63,3
0101.9394,10.63,3
0102.1033,10.64,3
0102.2671,10.65,3
0102.4310,10.66,3
0102.5949,10.67,3
0102.7588,10.68,3
0102.9227,10.69,3
0103.0866,10.69,3
0103.2505,10.70,3
0103.4144,10.70,3
0103.5783,10.71,3
0103.7421,10.72,3
0103.9060,10.72,3
0104.0699,10.73,3
0104.2338,10.74,3
0104.3977,10.75,3
0104.5616,10.75,3
0104.7255,10.76,3
0104.8894,10.77,3
0105.0533,10.77,3
0105.2172,10.78,3
0105.3810,10.78,3
0105.5449,10.79,3
0105.7088,10.80,3
0105.8727,10.80,3
0106.0366,10.81,3
0106.2005,10.82,3
0106.3644,10.83,3
0106.5283,10.83,3
0106.6922,10.84,3
0106.8561,10.84,3
0107.0199,10.85,3
0107.1838,10.86,3
0107.3477,10.86,3
0107.5116,10.87,3
0107.6755,10.87,3
0107.8394,10.88,3
0108.0033,10.88,3
0108.1672,10.89,3
0108.3311,10.90,3
0108.4949,10.90,3
0108.6588,10.91,3
0108.8227,10.91,3
0108.9866,10.92,3
0109.1505,10.93,3
0109.3144,10.93,3
0109.4783,10.93,3
0109.6422,10.94,3
0109.8061,10.94,3
0109.9700,10.95,3
0110.1338,10.95,3
0110.2977,10.96,3
0110.4616,10.96,3
0110.6255,10.97,3
0110.7894,10.97,3
0110.9533,10.98,3
0111.1172,10.98,3
0111.2811,10.99,3
0111.4450,10.99,3
0111.6089,11.00,3
0111.7727,11.00,3
0111.9366,11.01,3
0112.1005,11.01,3
0112.2644,11.02,3
0112.4283,11.02,3
0112.5922,11.03,3
0112.7561,11.04,3
0112.9200,11.04,3
0113.0839,11.05,3
0113.2477,11.05,3
0113.4116,11.05,3
0113.5755,11.06,3
0113.7394,11.06,3
0113.9033,11.07,3
0114.0672,11.07,3
0114.2311,11.07,3
0114.3950,11.08,3
0114.5589,11.08,3
0114.7228,11.09,3
0114.8866,11.09,3
0115.0505,11.09,3
0115.2144,11.09,3
0115.3783,11.10,3
0115.5422,11.10,3
0115.7061,11.11,3
0115.8700,11.11,3
0116.0339,11.12,3
0116.1978,11.12,3
0116.3616,11.12,3
0116.5255,11.13,3
0116.6894,11.13,3
0116.8533,11.13,3
0117.0172,11.14,3
0117.1811,11.14,3
0117.3450,11.14,3
0117.5089,11.14,3
0117.6728,11.15,3
0117.8367,11.15,3
0118.0005,11.15,3
0118.1644,11.16,3
0118.3283,11.16,3
0118.4922,11.16,3
0118.6561,11.16,3
0118.8200,11.17,3
0118.9839,11.17,3
0119.1478,11.18,3
0119.3117,11.18,3
0119.4756,11.18,3
0119.6394,11.18,3
0119.8033,11.18,3
0119.9672,11.18,3
0120.1311,11.18,3
0120.2950,11.18,3
0120.4589,11.18,3
0120.6228,11.19,3
0120.7867,11.19,3
0120.9506,11.19,3
0121.1144,11.19,3
0121.2783,11.20,3
0121.4422,11.20,3
0121.6061,11.20,3
0121.7700,11.20,3
0121.9339,11.20,3
0122.0978,11.20,3
0122.2617,11.20,3
0122.4256,11.20,3
0122.5895,11.20,3
0122.7533,11.21,3
0122.9172,11.21,3
0123.0811,11.21,3
0123.2450,11.21,3
0123.4089,11.21,3
0123.5728,11.21,3
0123.7367,11.21,3
0123.9006,11.21,3
0124.0645,11.21,3
0124.2284,11.21,3
0124.3922,11.21,3
0124.5561,11.22,3
0124.7200,11.22,3
0124.8839,11.22,3
0125.0478,11.21,3
0125.2117,11.21,3
0125.3756,11.21,3
0125.5395,11.21,3
0125.7034,11.21,3
0125.8672,11.21,3
0126.0311,11.21,3
0126.1950,11.21,3
0126.3589,11.21,3
0126.5228,11.21,3
0126.6867,11.21,3
0126.8506,11.21,3
0127.0145,11.21,3
0127.1784,11.21,3
0127.3423,11.21,3
0127.5061,11.21,3
0127.6700,11.21,3
0127.8339,11.21,3
0127.9978,11.21,3
0128.1617,11.21,3
0128.3256,11.20,3
0128.4895,11.20,3
0128.6534,11.20,3
0128.8173,11.20,3
0128.9812,11.21,3
0129.1450,11.20,3
0129.3089,11.20,3
0129.4728,11.20,3
0129.6367,11.20,3
0129.8006,11.21,3
0129.9645,11.21,3
0130.1284,11.21,3
0130.2923,11.20,3
0130.4562,11.20,3
0130.6200,11.20,3
0130.7839,11.20,3
0130.9478,11.20,3
0131.1117,11.20,3
0131.2756,11.19,3
0131.4395,11.19,3
0131.6034,11.19,3
0131.7673,11.19,3
0131.9312,11.20,3
0132.0951,11.20,3
0132.2589,11.20,3
0132.4228,11.20,3
0132.5867,11.20,3
0132.7506,11.20,3
0132.9145,11.19,3
0133.0784,11.20,3
0133.2423,11.20,3
0133.4062,11.20,3
0133.5701,11.20,3
0133.7340,11.20,3
0133.8978,11.20,3
0134.0617,11.20,3
0134.2256,11.20,3
0134.3895,11.20,3
0134.5534,11.20,3
0134.7173,11.20,3
0134.8812,11.20,3
0135.0451,11.20,3
0135.2090,11.20,3
0135.3728,11.20,3
0135.5367,11.20,3
0135.7006,11.20,3
0135.8645,11.20,3
0136.0284,11.21,3
0136.1923,11.21,3
0136.3562,11.21,3
0136.5201,11.21,3
0136.6840,11.21,3
0136.8479,11.21,3
0137.0117,11.21,3
0137.1756,11.21,3
0137.3395,11.21,3
0137.5034,11.21,3
0137.6673,11.21,3
0137.8312,11.21,3
0137.9951,11.21,3
0138.1590,11.21,3
0138.3229,11.21,3
0138.4868,11.21,3
0138.6506,11.21,3
0138.8145,11.21,3
0138.9784,11.22,3
0139.1423,11.22,3
0139.3062,11.22,3
0139.4701,11.22,3
0139.6340,11.22,3
0139.7979,11.22,3
0139.9618,11.22,3
0140.1256,11.22,3
0140.2895,11.22,3
0140.4534,11.22,3
0140.6173,11.22,3
0140.7812,11.22,3
0140.9451,11.22,3
0141.1090,11.22,3
0141.2729,11.22,3
0141.4368,11.22,3
0141.6007,11.22,3
0141.7645,11.22,3
0141.9284,11.22,3
0142.0923,11.22,3
0142.2562,11.22,3
0142.4201,11.22,3
0142.5840,11.23,3
0142.7479,11.23,3
0142.9118,11.23,3
0143.0757,11.22,3
0143.2396,11.22,3
0143.4034,11.22,3
0143.5673,11.22,3
0143.7312,11.22,3
0143.8951,11.22,3
0144.0590,11.22,3
0144.2229,11.22,3
0144.3868,11.22,3
0144.5507,11.22,3
0144.7146,11.22,3
0144.8784,11.22,3
0145.0423,11.22,3
0145.2062,11.22,3
0145.3701,11.22,3
0145.5340,11.21,3
0145.6979,11.21,3
0145.8618,11.21,3
0146.0257,11.22,3
0146.1896,11.22,3
0146.3535,11.21,3
0146.5173,11.21,3
0146.6812,11.21,3
0146.8451,11.21,3
0147.0090,11.20,3
0147.1729,11.20,3
0147.3368,11.20,3
0147.5007,11.20,3
0147.6646,11.20,3
0147.8285,11.19,3
0147.9924,11.20,3
0148.1562,11.19,3
0148.3201,11.19,3
0148.4840,11.19,3
0148.6479,11.19,3
0148.8118,11.18,3
0148.9757,11.18,3
0149.1396,11.18,3
0149.3035,11.18,3
0149.4674,11.17,3
0149.6312,11.17,3
0149.7951,11.17,3
0149.9590,11.17,3
0150.1229,11.17,3
0150.2868,11.17,3
0150.4507,11.16,3
0150.6146,11.16,3
0150.7785,11.16,3
0150.9424,11.16,3
0151.1063,11.16,3
0151.2701,11.15,3
0151.4340,11.15,3
0151.5979,11.15,3
0151.7618,11.15,3
0151.9257,11.14,3
0152.0896,11.14,3
0152.2535,11.14,3
0152.4174,11.14,3
0152.5813,11.13,3
0152.7452,11.13,3
0152.9090,11.13,3
0153.0729,11.12,3
0153.2368,11.12,3
0153.4007,11.12,3
0153.5646,11.12,3
0153.7285,11.12,3
0153.8924,11.11,3
0154.0563,11.11,3
0154.2202,11.11,3
0154.3840,11.10,3
0154.5479,11.10,3
0154.7118,11.10,3
0154.8757,11.09,3
0155.0396,11.09,3
0155.2035,11.09,3
0155.3674,11.09,3
0155.5313,11.09,3
0155.6952,11.08,3
0155.8591,11.08,3
0156.0229,11.08,3
0156.1868,11.07,3
0156.3507,11.07,3
0156.5146,11.07,3
0156.6785,11.07,3
0156.8424,11.07,3
0157.0063,11.06,3
0157.1702,11.06,3
0157.3341,11.06,3
0157.4980,11.05,3
0157.6618,11.05,3
0157.8257,11.04,3
0157.9896,11.04,3
0158.1535,11.04,3
0158.3174,11.03,3
0158.4813,11.03,1
0158.6452,11.03,1
0158.8091,11.03,1
0158.9730,11.03,1
0159.1368,11.03,1
0159.3007,11.02,1
0159.4646,11.02,1
0159.6285,11.02,1
0159.7924,11.02,1
0159.9563,11.02,1
0160.1202,11.01,1
0160.2841,11.01,1
0160.4480,11.01,1
0160.6119,11.01,1
0160.7757,11.01,1
0160.9396,11.01,1
0161.1035,11.01,1
0161.2674,11.01,1
0161.4313,11.00,1
0161.5952,11.00,1
0161.7591,11.00,1
0161.9230,11.00,1
0162.0869,11.00,1
0162.2508,11.00,1
0162.4146,11.00,1
0162.5785,11.00,1
0162.7424,11.00,1
0162.9063,10.99,1
0163.0702,10.99,1
0163.2341,10.99,1
0163.3980,10.99,1
0163.5619,10.99,1
0163.7258,10.98,1
0163.8896,10.98,1
0164.0535,10.98,1
0164.2174,10.98,1
0164.3813,10.98,1
0164.5452,10.98,1
0164.7091,10.98,1
0164.8730,10.98,1
0165.0369,10.97,1
0165.2008,10.97,1
0165.3647,10.97,1
0165.5285,10.97,1
0165.6924,10.97,1
0165.8563,10.97,1
0166.0202,10.97,1
0166.1841,10.97,1
0166.3480,10.97,1
0166.5119,10.97,1
0166.6758,10.96,1
0166.8397,10.96,1
0167.0036,10.96,1
0167.1674,10.96,1
0167.3313,10.96,1
0167.4952,10.96,1
0167.6591,10.96,1
0167.8230,10.96,1
0167.9869,10.95,1
0168.1508,10.95,1
0168.3147,10.95,1
0168.4786,10.95,1
0168.6424,10.94,1
0168.8063,10.94,1
0168.9702,10.94,1
0169.1341,10.94,1
0169.2980,10.93,1
0169.4619,10.93,1
0169.6258,10.94,1
0169.7897,10.94,1
0169.9536,10.93,1
0170.1175,10.93,1
0170.2813,10.93,1
0170.4452,10.93,1
0170.6091,10.93,1
0170.7730,10.92,1
0170.9369,10.92,1
0171.1008,10.92,1
0171.2647,10.92,1
0171.4286,10.92,1
0171.5925,10.92,1
0171.7564,10.92,1
0171.9202,10.91,1
0172.0841,10.91,1
0172.2480,10.91,1
0172.4119,10.91,1
0172.5758,10.91,1
0172.7397,10.91,1
0172.9036,10.91,1
0173.0675,10.91,1
0173.2314,10.91,1
0173.3952,10.91,1
0173.5591,10.91,1
0173.7230,10.90,1
0173.8869,10.90,1
0174.0508,10.90,1
0174.2147,10.90,1
0174.3786,10.89,1
0174.5425,10.89,1
0174.7064,10.89,1
0174.8703,10.89,1
0175.0341,10.89,1
0175.1980,10.89,1
0175.3619,10.89,1
0175.5258,10.89,1
0175.6897,10.89,1
0175.8536,10.89,1
0176.0175,10.89,1
0176.1814,10.89,1
0176.3453,10.89,1
0176.5092,10.89,1
0176.6730,10.89,1
0176.8369,10.89,1
0177.0008,10.89,1
0177.1647,10.89,1
0177.3286,10.89,1
0177.4925,10.89,1
0177.6564,10.89,1
0177.8203,10.89,1
0177.9842,10.89,1
0178.1480,10.89,1
0178.3119,10.89,1
0178.4758,10.89,1
0178.6397,10.89,1
0178.8036,10.89,1
0178.9675,10.89,1
0179.1314,10.89,1
0179.2953,10.89,1
0179.4592,10.89,1
0179.6231,10.89,1
0179.7869,10.89,1
0179.9508,10.89,1
0180.1147,10.89,1
0180.2786,10.89,1
0180.4425,10.89,1
0180.6064,10.89,1
0180.7703,10.89,1
0180.9342,10.90,1
0181.0981,10.90,1
0181.2620,10.90,1
0181.4258,10.90,1
0181.5897,10.90,1
0181.7536,10.90,1
0181.9175,10.91,1
0182.0814,10.91,1
0182.2453,10.91,1
0182.4092,10.91,1
0182.5731,10.91,1
0182.7370,10.91,1
0182.9008,10.92,1
0183.0647,10.92,1
0183.2286,10.93,1
0183.3925,10.93,1
0183.5564,10.93,1
0183.7203,10.93,1
0183.8842,10.94,1
0184.0481,10.94,1
0184.2120,10.95,1
0184.3759,10.95,1
0184.5397,10.95,1
0184.7036,10.95,1
0184.8675,10.95,1
0185.0314,10.96,1
0185.1953,10.96,1
0185.3592,10.96,1
0185.5231,10.97,1
0185.6870,10.97,1
0185.8509,10.97,1
0186.0148,10.98,1
0186.1786,10.98,1
0186.3425,10.98,1
0186.5064,10.99,1
0186.6703,10.99,1
0186.8342,11.00,1
0186.9981,11.00,1
0187.1620,11.00,1
0187.3259,11.00,1
0187.4898,11.01,1
0187.6536,11.01,1
0187.8175,11.01,1
0187.9814,11.02,1
0188.1453,11.02,1
0188.3092,11.03,1
0188.4731,11.03,1
0188.6370,11.04,1
0188.8009,11.04,1
0188.9648,11.04,1
0189.1287,11.04,1
0189.2925,11.05,1
0189.4564,11.05,1
0189.6203,11.06,1
0189.7842,11.06,1
0189.9481,11.06,1
0190.1120,11.06,1
0190.2759,11.07,1
0190.4398,11.07,1
0190.6037,11.07,1
0190.7675,11.07,1
0190.9314,11.07,1
0191.0953,11.07,1
0191.2592,11.08,1
0191.4231,11.08,1
0191.5870,11.08,1
0191.7509,11.08,1
0191.9148,11.09,1
0192.0787,11.09,1
0192.2426,11.09,1
0192.4064,11.09,1
0192.5703,11.09,1
0192.7342,11.09,1
0192.8981,11.09,1
0193.0620,11.10,1
0193.2259,11.10,1
0193.3898,11.10,1
0193.5537,11.10,1
0193.7176,11.10,1
0193.8815,11.10,1
0194.0453,11.10,1
0194.2092,11.11,1
0194.3731,11.10,1
0194.5370,11.10,1
0194.7009,11.10,1
0194.8648,11.10,1
0195.0287,11.10,3
0195.1926,11.10,3
0195.3565,11.10,3
0195.5203,11.10,3
0195.6842,11.10,3
0195.8481,11.10,3
0196.0120,11.10,3
0196.1759,11.10,3
0196.3398,11.10,3
0196.5037,11.10,3
0196.6676,11.10,3
0196.8315,11.10,3
0196.9954,11.10,3
0197.1592,11.09,3
0197.3231,11.09,3
0197.4870,11.09,3
0197.6509,11.09,3
0197.8148,11.09,3
0197.9787,11.09,3
0198.1426,11.09,3
0198.3065,11.08,3
0198.4704,11.08,3
0198.6343,11.08,3
0198.7981,11.08,3
0198.9620,11.08,3
0199.1259,11.08,3
0199.2898,11.08,3
0199.4537,11.08,3
0199.6176,11.08,3
0199.7815,11.07,3
0199.9454,11.07,3
0200.1093,11.07,3
0200.2731,11.07,3
0200.4370,11.07,3
0200.6009,11.07,3
0200.7648,11.07,3
0200.9287,11.06,3
0201.0926,11.06,3
0201.2565,11.06,3
0201.4204,11.06,3
0201.5843,11.06,3
0201.7482,11.06,3
0201.9120,11.05,3
0202.0759,11.05,3
0202.2398,11.05,3
0202.4037,11.05,3
0202.5676,11.05,3
0202.7315,11.04,3
0202.8954,11.04,3
0203.0593,11.04,3
0203.2232,11.04,3
0203.3871,11.04,3
0203.5509,11.04,3
0203.7148,11.03,3
0203.8787,11.03,3
0204.0426,11.03,3
0204.2065,11.03,3
0204.3704,11.02,3
0204.5343,11.02,3
0204.6982,11.02,3
0204.8621,11.02,3
0205.0259,11.02,3
0205.1898,11.01,3
0205.3537,11.01,3
0205.5176,11.01,3
0205.6815,11.00,3
0205.8454,11.00,3
0206.0093,11.00,3
0206.1732,11.00,3
0206.3371,10.99,3
0206.5010,10.99,3
0206.6648,10.99,3
0206.8287,10.99,3
0206.9926,10.98,3
0207.1565,10.98,3
0207.3204,10.97,3
0207.4843,10.97,3
0207.6482,10.97,3
0207.8121,10.97,3
0207.9760,10.97,3
0208.1399,10.96,3
0208.3037,10.96,3
0208.4676,10.96,3
0208.6315,10.96,3
0208.7954,10.95,3
0208.9593,10.95,3
0209.1232,10.94,3
0209.2871,10.94,3
0209.4510,10.94,3
0209.6149,10.93,3
0209.7787,10.93,3
0209.9426,10.93,3
0210.1065,10.93,3
0210.2704,10.92,3
0210.4343,10.92,3
0210.5982,10.91,3
0210.7621,10.91,3
0210.9260,10.91,3
0211.0899,10.90,3
0211.2538,10.90,3
0211.4176,10.90,3
0211.5815,10.89,3
0211.7454,10.89,3
0211.9093,10.89,3
0212.0732,10.88,3
0212.2371,10.88,3
0212.4010,10.88,3
0212.5649,10.87,3
0212.7288,10.87,3
0212.8927,10.86,3
0213.0565,10.86,3
0213.2204,10.86,3
0213.3843,10.86,3
0213.5482,10.86,3
0213.7121,10.85,3
0213.8760,10.85,3
0214.0399,10.85,3
0214.2038,10.84,3
0214.3677,10.84,3
0214.5315,10.83,3
0214.6954,10.83,3
0214.8593,10.83,3
0215.0232,10.82,3
0215.1871,10.82,3
0215.3510,10.82,3
0215.5149,10.82,3
0215.6788,10.82,3
0215.8427,10.82,3
0216.0066,10.81,3
0216.1704,10.81,3
0216.3343,10.81,3
0216.4982,10.80,3
0216.6621,10.80,3
0216.8260,10.80,3
0216.9899,10.80,3
0217.1538,10.80,3
0217.3177,10.80,3
0217.4816,10.80,3
0217.6455,10.80,3
0217.8093,10.80,3
0217.9732,10.79,3
0218.1371,10.79,3
0218.3010,10.78,3
0218.4649,10.78,3
0218.6288,10.78,3
0218.7927,10.78,3
0218.9566,10.79,3
0219.1205,10.78,3
0219.2843,10.78,3
0219.4482,10.78,3
0219.6121,10.78,3
0219.7760,10.78,3
0219.9399,10.78,3
0220.1038,10.78,3
0220.2677,10.78,3
0220.4316,10.78,3
0220.5955,10.78,3
0220.7594,10.79,3
0220.9232,10.79,3
0221.0871,10.78,3
0221.2510,10.78,3
0221.4149,10.78,3
0221.5788,10.78,3
0221.7427,10.78,3
0221.9066,10.78,3
0222.0705,10.78,3
0222.2344,10.78,3
0222.3983,10.79,3
0222.5621,10.79,3
0222.7260,10.79,3
0222.8899,10.79,3
0223.0538,10.79,3
0223.2177,10.79,3
0223.3816,10.80,3
0223.5455,10.79,3
0223.7094,10.79,3
0223.8733,10.79,3
0224.0371,10.79,3
0224.2010,10.80,3
0224.3649,10.80,3
0224.5288,10.80,3
0224.6927,10.80,3
0224.8566,10.80,3
0225.0205,10.80,3
0225.1844,10.81,3
0225.3483,10.81,3
0225.5122,10.81,3
0225.6760,10.81,3
0225.8399,10.81,3
0226.0038,10.81,3
0226.1677,10.81,3
0226.3316,10.82,3
0226.4955,10.82,3
0226.6594,10.82,3
0226.8233,10.82,3
0226.9872,10.82,3
0227.1511,10.83,3
0227.3149,10.83,3
0227.4788,10.83,3
0227.6427,10.83,3
0227.8066,10.83,3
0227.9705,10.83,3
0228.1344,10.83,3
0228.2983,10.83,3
0228.4622,10.83,3
0228.6261,10.84,3
0228.7899,10.84,3
0228.9538,10.84,3
0229.1177,10.84,3
0229.2816,10.84,3
0229.4455,10.84,3
0229.6094,10.85,3
0229.7733,10.85,3
0229.9372,10.85,3
0230.1011,10.85,3
0230.2650,10.86,3
0230.4288,10.86,3
0230.5927,10.86,3
0230.7566,10.86,3
0230.9205,10.86,3
0231.0844,10.86,3
0231.2483,10.87,3
0231.4122,10.87,3
0231.5761,10.87,3
0231.7400,10.87,3
0231.9039,10.87,3
0232.0677,10.88,3
0232.2316,10.88,3
0232.3955,10.88,3
0232.5594,10.89,3
0232.7233,10.89,3
0232.8872,10.89,3
0233.0511,10.89,3
0233.2150,10.89,3
0233.3789,10.90,3
0233.5427,10.90,3
0233.7066,10.90,3
0233.8705,10.91,3
0234.0344,10.91,3
0234.1983,10.91,3
0234.3622,10.91,3
0234.5261,10.91,3
0234.6900,10.91,3
0234.8539,10.92,3
0235.0178,10.92,3
0235.1816,10.92,3
0235.3455,10.92,3
0235.5094,10.93,3
0235.6733,10.93,3
0235.8372,10.94,3
0236.0011,10.94,3
0236.1650,10.94,3
0236.3289,10.95,3
0236.4928,10.95,3
0236.6567,10.95,3
0236.8205,10.95,3
0236.9844,10.95,3
0237.1483,10.95,3
0237.3122,10.96,3
0237.4761,10.96,3
0237.6400,10.96,3
0237.8039,10.97,3
0237.9678,10.97,3
0238.1317,10.98,3
0238.2955,10.98,3
0238.4594,10.98,3
0238.6233,10.98,3
0238.7872,10.98,3
0238.9511,10.99,3
0239.1150,10.99,3
0239.2789,11.00,3
0239.4428,11.00,3
0239.6067,11.00,3
0239.7706,11.00,3
0239.9344,11.00,3
0240.0983,11.01,3
0240.2622,11.01,3
0240.4261,11.01,3
0240.5900,11.01,3
0240.7539,11.01,3
0240.9178,11.02,3
0241.0817,11.02,3
0241.2456,11.02,3
0241.4095,11.02,3
0241.5733,11.02,3
0241.7372,11.03,3
0241.9011,11.03,3
0242.0650,11.03,3
0242.2289,11.03,3
0242.3928,11.03,3
0242.5567,11.03,3
0242.7206,11.04,3
0242.8845,11.04,3
0243.0483,11.04,3
0243.2122,11.04,3
0243.3761,11.04,3
0243.5400,11.05,3
0243.7039,11.05,3
0243.8678,11.05,3
0244.0317,11.04,3
0244.1956,11.05,3
0244.3595,11.05,3
0244.5234,11.05,3
0244.6872,11.05,3
0244.8511,11.05,3
0245.0150,11.05,3
0245.1789,11.05,3
0245.3428,11.05,3
0245.5067,11.05,3
0245.6706,11.05,3
0245.8345,11.05,3
0245.9984,11.05,3
0246.1623,11.05,3
0246.3261,11.05,3
0246.4900,11.05,3
0246.6539,11.05,3
0246.8178,11.06,3
0246.9817,11.06,3
0247.1456,11.06,3
0247.3095,11.05,3
0247.4734,11.05,3
0247.6373,11.05,3
0247.8011,11.05,3
0247.9650,11.05,3
0248.1289,11.05,3
0248.2928,11.05,3
0248.4567,11.05,3
0248.6206,11.05,3
0248.7845,11.05,3
0248.9484,11.05,3
0249.1123,11.05,3
0249.2762,11.05,3
0249.4400,11.04,3
0249.6039,11.04,3
0249.7678,11.04,3
0249.9317,11.04,3
0250.0956,11.04,3
0250.2595,11.04,3
0250.4234,11.04,3
0250.5873,11.04,3
0250.7512,11.04,3
0250.9151,11.04,3
0251.0789,11.03,3
0251.2428,11.03,3
0251.4067,11.03,3
0251.5706,11.02,3
0251.7345,11.02,3
0251.8984,11.02,3
0252.0623,11.02,3
0252.2262,11.02,3
0252.3901,11.02,3
0252.5539,11.02,3
0252.7178,11.03,3
0252.8817,11.02,3
0253.0456,11.02,3
0253.2095,11.02,3
0253.3734,11.02,3
0253.5373,11.02,3
0253.7012,11.02,3
0253.8651,11.02,3
0254.0290,11.02,3
0254.1928,11.02,3
0254.3567,11.02,3
0254.5206,11.02,3
0254.6845,11.02,3
0254.8484,11.02,3
0255.0123,11.02,3
0255.1762,11.02,3
0255.3401,11.02,3
0255.5040,11.02,3
0255.6679,11.02,3
0255.8317,11.02,3
0255.9956,11.03,3
0256.1595,11.03,3
0256.3234,11.03,3
0256.4873,11.03,3
0256.6512,11.03,3
0256.8151,11.03,3
0256.9790,11.03,3
0257.1429,11.04,3
0257.3067,11.04,3
0257.4706,11.04,3
0257.6345,11.04,3
0257.7984,11.04,3
0257.9623,11.04,3
0258.1262,11.05,3
0258.2901,11.05,3
0258.4540,11.05,3
0258.6179,11.05,3
0258.7818,11.05,3
0258.9456,11.05,3
0259.1095,11.06,3
0259.2734,11.06,3
0259.4373,11.06,3
0259.6012,11.06,3
0259.7651,11.07,3
0259.9290,11.07,3
0260.0929,11.07,3
0260.2568,11.07,3
0260.4207,11.07,3
0260.5845,11.08,3
0260.7484,11.08,3
0260.9123,11.08,3
0261.0762,11.08,3
0261.2401,11.08,3
0261.4040,11.08,3
0261.5679,11.09,3
0261.7318,11.09,3
0261.8957,11.09,3
0262.0595,11.09,3
0262.2234,11.09,3
0262.3873,11.09,3
0262.5512,11.09,3
0262.7151,11.09,3
0262.8790,11.10,3
0263.0429,11.10,3
0263.2068,11.09,3
0263.3707,11.10,3
0263.5346,11.10,3
0263.6984,11.10,3
0263.8623,11.10,3
0264.0262,11.10,3
0264.1901,11.10,3
0264.3540,11.10,3
0264.5179,11.11,3
0264.6818,11.10,3
0264.8457,11.10,3
0265.0096,11.10,3
0265.1734,11.10,3
0265.3373,11.11,3
0265.5012,11.11,3
0265.6651,11.10,3
0265.8290,11.10,3
0265.9929,11.10,3
0266.1568,11.11,3
0266.3207,11.11,3
0266.4846,11.11,3
0266.6485,11.10,3
0266.8123,11.10,3
0266.9762,11.10,3
0267.1401,11.10,3
0267.3040,11.10,3
0267.4679,11.09,3
0267.6318,11.09,3
0267.7957,11.09,3
0267.9596,11.09,3
0268.1235,11.09,3
0268.2874,11.09,3
0268.4512,11.09,3
0268.6151,11.08,3
0268.7790,11.08,3
0268.9429,11.08,3
0269.1068,11.08,3
0269.2707,11.07,3
0269.4346,11.07,3
0269.5985,11.07,3
0269.7624,11.07,3
0269.9262,11.07,3
0270.0901,11.07,3
0270.2540,11.07,3
0270.4179,11.07,3
0270.5818,11.07,3
0270.7457,11.06,3
0270.9096,11.06,3
0271.0735,11.06,3
0271.2374,11.05,3
0271.4013,11.05,3
0271.5651,11.05,3
0271.7290,11.05,3
0271.8929,11.05,3
0272.0568,11.05,3
0272.2207,11.05,3
0272.3846,11.05,3
0272.5485,11.05,3
0272.7124,11.05,3
0272.8763,11.05,3
0273.0402,11.05,3
0273.2040,11.05,3
0273.3679,11.05,3
0273.5318,11.05,3
0273.6957,11.05,3
0273.8596,11.05,3
0274.0235,11.05,3
0274.1874,11.05,3
0274.3513,11.06,3
0274.5152,11.06,3
0274.6790,11.06,3
0274.8429,11.06,3
0275.0068,11.06,3
0275.1707,11.06,3
0275.3346,11.06,3
0275.4985,11.07,3
0275.6624,11.07,3
0275.8263,11.07,3
0275.9902,11.07,3
0276.1541,11.07,3
0276.3179,11.08,3
0276.4818,11.08,3
0276.6457,11.08,3
0276.8096,11.08,3
0276.9735,11.08,3
0277.1374,11.09,3
0277.3013,11.09,3
0277.4652,11.09,3
0277.6291,11.09,3
0277.7930,11.09,3
0277.9568,11.10,3
0278.1207,11.10,3
0278.2846,11.10,3
0278.4485,11.10,3
0278.6124,11.10,3
0278.7763,11.10,3
0278.9402,11.11,3
0279.1041,11.11,3
0279.2680,11.11,3
0279.4318,11.11,3
0279.5957,11.11,3
0279.7596,11.12,3
0279.9235,11.12,3
0280.0874,11.12,3
0280.2513,11.12,3
0280.4152,11.12,3
0280.5791,11.12,3
0280.7430,11.13,3
0280.9069,11.13,3
0281.0707,11.13,3
0281.2346,11.13,3
0281.3985,11.13,3
0281.5624,11.13,3
0281.7263,11.14,3
0281.8902,11.14,3
0282.0541,11.14,3
0282.2180,11.14,3
0282.3819,11.14,3
0282.5458,11.14,3
0282.7096,11.14,3
0282.8735,11.14,3
0283.0374,11.14,3
0283.2013,11.14,3
0283.3652,11.14,3
0283.5291,11.14,1
0283.6930,11.15,1
0283.8569,11.14,1
0284.0208,11.14,1
0284.1846,11.14,1
0284.3485,11.15,1
0284.5124,11.15,1
0284.6763,11.15,1
0284.8402,11.14,1
0285.0041,11.14,1
0285.1680,11.14,1
0285.3319,11.14,1
0285.4958,11.14,1
0285.6597,11.14,1
0285.8235,11.14,1
0285.9874,11.14,1
0286.1513,11.14,1
0286.3152,11.14,1
0286.4791,11.14,1
0286.6430,11.14,1
0286.8069,11.14,1
0286.9708,11.14,1
0287.1347,11.14,1
0287.2986,11.14,1
0287.4624,11.14,1
0287.6263,11.14,1
0287.7902,11.14,1
0287.9541,11.14,1
0288.1180,11.13,1
0288.2819,11.13,1
0288.4458,11.12,1
0288.6097,11.12,1
0288.7736,11.12,1
0288.9374,11.12,1
0289.1013,11.12,1
0289.2652,11.12,1
0289.4291,11.11,1
0289.5930,11.11,1
0289.7569,11.11,1
0289.9208,11.11,1
0290.0847,11.11,1
0290.2486,11.10,1
0290.4125,11.10,1
0290.5763,11.10,1
0290.7402,11.10,1
0290.9041,11.10,1
0291.0680,11.10,1
0291.2319,11.09,1
0291.3958,11.09,1
0291.5597,11.09,1
0291.7236,11.09,1
0291.8875,11.09,1
0292.0514,11.09,1
0292.2152,11.09,1
0292.3791,11.09,1
0292.5430,11.09,1
0292.7069,11.09,1
0292.8708,11.09,1
0293.0347,11.08,1
0293.1986,11.08,1
0293.3625,11.08,1
0293.5264,11.08,1
0293.6902,11.08,1
0293.8541,11.08,1
0294.0180,11.08,1
0294.1819,11.07,1
0294.3458,11.07,1
0294.5097,11.07,1
0294.6736,11.07,1
0294.8375,11.07,1
0295.0014,11.07,1
0295.1653,11.07,1
0295.3291,11.07,1
0295.4930,11.07,1
0295.6569,11.06,1
0295.8208,11.06,1
0295.9847,11.06,1
0296.1486,11.06,1
0296.3125,11.06,1
0296.4764,11.06,1
0296.6403,11.05,1
0296.8042,11.05,1
0296.9680,11.05,1
0297.1319,11.05,1
0297.2958,11.05,1
0297.4597,11.05,1
0297.6236,11.05,1
0297.7875,11.05,1
0297.9514,11.05,1
0298.1153,11.05,1
0298.2792,11.05,1
0298.4430,11.05,1
0298.6069,11.04,1
0298.7708,11.04,1
0298.9347,11.04,1
0299.0986,11.04,1
0299.2625,11.04,1
0299.4264,11.04,1
0299.5903,11.03,1
0299.7542,11.03,1
0299.9181,11.03,1
0300.0819,11.03,1
0300.2458,11.03,1
0300.4097,11.03,1
0300.5736,11.02,1
0300.7375,11.02,1
0300.9014,11.02,1
0301.0653,11.02,1
0301.2292,11.02,1
0301.3931,11.02,1
0301.5570,11.02,1
0301.7208,11.02,1
0301.8847,11.02,1
0302.0486,11.02,1
0302.2125,11.01,1
0302.3764,11.01,1
0302.5403,11.01,1
0302.7042,11.01,1
0302.8681,11.01,1
0303.0320,11.01,1
0303.1958,11.01,1
0303.3597,11.01,1
0303.5236,11.01,1
0303.6875,11.01,1
0303.8514,11.02,1
0304.0153,11.02,1
0304.1792,11.01,1
0304.3431,11.01,1
0304.5070,11.01,1
0304.6709,11.01,1
0304.8347,11.01,1
0304.9986,11.00,1
0305.1625,11.00,1
0305.3264,11.00,1
0305.4903,11.00,1
0305.6542,11.00,1
0305.8181,11.00,1
0305.9820,11.00,1
0306.1459,11.00,1
0306.3098,10.99,1
0306.4736,10.99,1
0306.6375,10.99,1
0306.8014,10.99,1
0306.9653,10.99,1
0307.1292,10.98,1
0307.2931,10.98,1
0307.4570,10.98,1
0307.6209,10.98,1
0307.7848,10.98,1
0307.9486,10.98,1
0308.1125,10.97,1
0308.2764,10.97,1
0308.4403,10.97,1
0308.6042,10.97,1
0308.7681,10.96,1
0308.9320,10.96,1
0309.0959,10.96,1
0309.2598,10.96,1
0309.4237,10.96,1
0309.5875,10.96,1
0309.7514,10.95,1
0309.9153,10.95,1
0310.0792,10.95,1
0310.2431,10.95,1
0310.4070,10.95,1
0310.5709,10.94,1
0310.7348,10.94,1
0310.8987,10.94,1
0311.0626,10.94,1
0311.2264,10.93,1
0311.3903,10.93,1
0311.5542,10.93,1
0311.7181,10.93,1
0311.8820,10.93,1
0312.0459,10.92,1
0312.2098,10.92,1
0312.3737,10.92,1
0312.5376,10.92,1
0312.7014,10.92,1
0312.8653,10.92,1
0313.0292,10.92,1
0313.1931,10.91,1
0313.3570,10.91,1
0313.5209,10.91,1
0313.6848,10.91,1
0313.8487,10.91,1
0314.0126,10.91,1
0314.1765,10.91,1
0314.3403,10.91,1
0314.5042,10.91,1
0314.6681,10.91,1
0314.8320,10.91,1
0314.9959,10.91,1
0315.1598,10.91,1
0315.3237,10.91,1
0315.4876,10.91,1
0315.6515,10.91,1
0315.8154,10.91,1
0315.9792,10.90,1
0316.1431,10.90,1
0316.3070,10.90,1
0316.4709,10.90,1
0316.6348,10.91,1
0316.7987,10.91,1
0316.9626,10.91,1
0317.1265,10.91,1
0317.2904,10.91,1
0317.4542,10.91,1
0317.6181,10.91,1
0317.7820,10.91,1
0317.9459,10.91,1
0318.1098,10.91,1
0318.2737,10.91,1
0318.4376,10.91,1
0318.6015,10.91,1
0318.7654,10.91,1
0318.9293,10.91,1
0319.0931,10.91,1
0319.2570,10.91,1
0319.4209,10.91,1
0319.5848,10.91,1
0319.7487,10.91,1
0319.9126,10.91,1
0320.0765,10.92,1
0320.2404,10.92,1
0320.4043,10.92,1
0320.5682,10.93,1
0320.7320,10.93,1
0320.8959,10.93,1
0321.0598,10.93,1
0321.2237,10.93,1
0321.3876,10.93,1
0321.5515,10.93,1
0321.7154,10.92,1
0321.8793,10.92,1
0322.0432,10.93,1
0322.2070,10.93,1
0322.3709,10.93,1
0322.5348,10.93,1
0322.6987,10.93,1
0322.8626,10.94,1
0323.0265,10.94,1
0323.1904,10.94,1
0323.3543,10.94,1
0323.5182,10.94,1
0323.6821,10.94,1
0323.8459,10.94,1
0324.0098,10.95,1
0324.1737,10.96,1
0324.3376,10.96,1
0324.5015,10.96,1
0324.6654,10.96,1
0324.8293,10.96,1
0324.9932,10.97,1
0325.1571,10.97,1
0325.3210,10.97,1
0325.4848,10.97,1
0325.6487,10.97,1
0325.8126,10.97,1
0325.9765,10.98,1
0326.1404,10.98,1
0326.3043,10.98,1
0326.4682,10.98,1
0326.6321,10.99,1
0326.7960,10.99,1
0326.9598,10.99,1
0327.1237,10.99,1
0327.2876,10.99,1
0327.4515,10.99,1
0327.6154,11.00,1
0327.7793,11.01,1
0327.9432,11.01,1
0328.1071,11.01,1
0328.2710,11.01,1
0328.4349,11.01,1
0328.5987,11.01,1
0328.7626,11.01,1
0328.9265,11.01,1
0329.0904,11.01,1
0329.2543,11.01,1
0329.4182,11.02,1
0329.5821,11.02,1
0329.7460,11.03,1
0329.9099,11.03,1
0330.0738,11.03,1
0330.2376,11.03,1
0330.4015,11.03,1
0330.5654,11.03,1
0330.7293,11.03,1
0330.8932,11.03,1
0331.0571,11.03,1
0331.2210,11.04,1
0331.3849,11.04,1
0331.5488,11.04,1
0331.7126,11.04,1
0331.8765,11.04,1
0332.0404,11.04,1
0332.2043,11.04,1
0332.3682,11.03,1
0332.5321,11.03,1
0332.6960,11.03,1
0332.8599,11.03,1
0333.0238,11.03,1
0333.1877,11.03,1
0333.3515,11.04,1
0333.5154,11.04,1
0333.6793,11.04,1
0333.8432,11.04,1
0334.0071,11.04,1
0334.1710,11.04,1
0334.3349,11.04,1
0334.4988,11.03,1
0334.6627,11.03,1
0334.8266,11.03,1
0334.9904,11.03,1
0335.1543,11.04,1
0335.3182,11.04,1
0335.4821,11.03,1
0335.6460,11.03,1
0335.8099,11.03,1
0335.9738,11.03,1
0336.1377,11.03,1
0336.3016,11.03,1
0336.4654,11.03,1
0336.6293,11.03,1
0336.7932,11.04,1
0336.9571,11.04,1
0337.1210,11.04,1
0337.2849,11.04,1
0337.4488,11.03,1
0337.6127,11.03,1
0337.7766,11.03,1
0337.9405,11.03,1
0338.1043,11.03,1
0338.2682,11.02,1
0338.4321,11.03,1
0338.5960,11.03,1
0338.7599,11.03,1
0338.9238,11.03,1
0339.0877,11.02,1
0339.2516,11.02,1
0339.4155,11.02,1
0339.5793,11.02,1
0339.7432,11.02,1
0339.9071,11.01,1
0340.0710,11.01,1
0340.2349,11.02,1
0340.3988,11.02,1
0340.5627,11.02,1
0340.7266,11.02,1
0340.8905,11.02,1
0341.0544,11.02,1
0341.2182,11.02,1
0341.3821,11.02,1
0341.5460,11.02,1
0341.7099,11.01,1
0341.8738,11.01,1
0342.0377,11.01,1
0342.2016,11.01,1
0342.3655,11.02,1
0342.5294,11.02,1
0342.6933,11.01,1
0342.8571,11.01,1
0343.0210,11.02,1
0343.1849,11.02,1
0343.3488,11.02,1
0343.5127,11.02,1
0343.6766,11.02,1
0343.8405,11.02,1
0344.0044,11.02,1
0344.1683,11.03,1
0344.3321,11.03,1
0344.4960,11.04,1
0344.6599,11.04,1
0344.8238,11.04,1
0344.9877,11.04,1
0345.1516,11.04,1
0345.3155,11.04,1
0345.4794,11.05,1
0345.6433,11.05,1
0345.8072,11.05,1
0345.9710,11.06,1
0346.1349,11.06,1
0346.2988,11.06,1
0346.4627,11.07,1
0346.6266,11.07,1
0346.7905,11.08,1
0346.9544,11.09,1
0347.1183,11.09,1
0347.2822,11.09,1
0347.4461,11.10,1
0347.6099,11.11,1
0347.7738,11.11,1
0347.9377,11.12,1
0348.1016,11.12,1
0348.2655,11.12,1
0348.4294,11.13,1
0348.5933,11.13,1
0348.7572,11.14,1
0348.9211,11.14,1
0349.0849,11.14,1
0349.2488,11.14,1
0349.4127,11.15,1
0349.5766,11.16,1
0349.7405,11.17,1
0349.9044,11.17,1
0350.0683,11.17,1
0350.2322,11.17,1
0350.3961,11.19,1
0350.5600,11.19,1
0350.7238,11.20,1
0350.8877,11.20,1
0351.0516,11.21,1
0351.2155,11.21,1
0351.3794,11.22,1
0351.5433,11.22,1
0351.7072,11.22,1
0351.8711,11.23,1
0352.0350,11.23,1
0352.1989,11.24,1
0352.3627,11.24,1
0352.5266,11.25,1
0352.6905,11.25,1
0352.8544,11.26,1
0353.0183,11.26,1
0353.1822,11.27,1
0353.3461,11.27,1
0353.5100,11.28,1
0353.6739,11.28,1
0353.8377,11.28,1
0354.0016,11.29,1
0354.1655,11.30,1
0354.3294,11.31,1
0354.4933,11.31,1
0354.6572,11.32,1
0354.8211,11.32,1
0354.9850,11.33,1
0355.1489,11.33,1
0355.3128,11.34,1
0355.4766,11.34,1
0355.6405,11.34,1
0355.8044,11.35,1
0355.9683,11.35,1
0356.1322,11.36,1
0356.2961,11.37,1
0356.4600,11.37,1
0356.6239,11.37,1
0356.7878,11.38,1
0356.9517,11.39,1
0357.1155,11.39,1
0357.2794,11.40,1
0357.4433,11.41,1
0357.6072,11.41,1
0357.7711,11.42,1
0357.9350,11.42,1
0358.0989,11.43,1
0358.2628,11.43,1
0358.4267,11.43,1
0358.5905,11.44,1
0358.7544,11.45,1
0358.9183,11.45,1
0359.0822,11.45,1
0359.2461,11.45,1
0359.4100,11.46,1
0359.5739,11.46,1
0359.7378,11.47,1
0359.9017,11.47,1
0360.0656,11.48,1
0360.2294,11.48,1
0360.3933,11.49,1
0360.5572,11.50,1
0360.7211,11.50,1
0360.8850,11.51,1
0361.0489,11.51,1
0361.2128,11.51,1
0361.3767,11.51,1
0361.5406,11.52,1
0361.7045,11.52,1
0361.8683,11.52,1
0362.0322,11.52,1
0362.1961,11.53,1
0362.3600,11.53,1
0362.5239,11.54,1
0362.6878,11.54,1
0362.8517,11.54,1
0363.0156,11.54,1
0363.1795,11.55,1
0363.3433,11.55,1
0363.5072,11.55,1
0363.6711,11.55,1
0363.8350,11.55,1
0363.9989,11.55,1
0364.1628,11.56,1
0364.3267,11.56,1
0364.4906,11.56,1
0364.6545,11.56,1
0364.8184,11.56,1
0364.9822,11.56,1
0365.1461,11.56,1
0365.3100,11.57,1
0365.4739,11.57,1
0365.6378,11.57,1
0365.8017,11.57,1
0365.9656,11.58,1
0366.1295,11.58,1
0366.2934,11.57,1
0366.4573,11.57,1
0366.6211,11.57,1
0366.7850,11.58,1
0366.9489,11.59,1
0367.1128,11.59,1
0367.2767,11.59,1
0367.4406,11.59,1
0367.6045,11.60,1
0367.7684,11.60,1
0367.9323,11.61,1
0368.0961,11.61,1
0368.2600,11.61,1
0368.4239,11.61,1
0368.5878,11.62,1
0368.7517,11.62,1
0368.9156,11.63,1
0369.0795,11.63,1
0369.2434,11.63,1
0369.4073,11.63,1
0369.5712,11.64,1
0369.7350,11.64,1
0369.8989,11.64,1
0370.0628,11.64,1
0370.2267,11.64,1
0370.3906,11.65,1
0370.5545,11.66,1
0370.7184,11.66,1
0370.8823,11.66,1
0371.0462,11.66,1
0371.2101,11.66,1
0371.3739,11.66,1
0371.5378,11.66,1
0371.7017,11.66,1
0371.8656,11.66,1
0372.0295,11.67,1
0372.1934,11.67,1
0372.3573,11.67,1
0372.5212,11.67,1
0372.6851,11.67,1
0372.8489,11.67,1
0373.0128,11.67,1
0373.1767,11.67,1
0373.3406,11.67,1
0373.5045,11.67,1
0373.6684,11.67,1
0373.8323,11.67,1
0373.9962,11.67,1
0374.1601,11.67,1
0374.3240,11.67,1
0374.4878,11.67,1
0374.6517,11.67,1
0374.8156,11.67,1
0374.9795,11.67,1
0375.1434,11.66,1
0375.3073,11.66,1
0375.4712,11.66,1
0375.6351,11.66,1
0375.7990,11.66,1
0375.9629,11.66,1
0376.1267,11.65,1
0376.2906,11.65,1
0376.4545,11.65,1
0376.6184,11.65,1
0376.7823,11.64,1
0376.9462,11.64,1
0377.1101,11.64,1
0377.2740,11.64,1
0377.4379,11.64,1
0377.6017,11.64,1
0377.7656,11.64,1
0377.9295,11.64,1
0378.0934,11.64,1
0378.2573,11.63,1
0378.4212,11.63,1
0378.5851,11.63,1
0378.7490,11.63,1
0378.9129,11.63,1
0379.0768,11.63,1
0379.2406,11.62,1
0379.4045,11.62,1
0379.5684,11.61,1
0379.7323,11.61,1
0379.8962,11.61,1
0380.0601,11.61,1
0380.2240,11.61,1
0380.3879,11.61,1
0380.5518,11.61,1
0380.7157,11.61,1
0380.8795,11.61,1
0381.0434,11.61,1
0381.2073,11.61,1
0381.3712,11.60,1
0381.5351,11.60,1
0381.6990,11.60,1
0381.8629,11.60,1
0382.0268,11.59,1
0382.1907,11.59,1
0382.3545,11.60,1
0382.5184,11.59,1
0382.6823,11.59,1
0382.8462,11.59,1
0383.0101,11.59,1
0383.1740,11.59,1
0383.3379,11.59,1
0383.5018,11.59,1
0383.6657,11.59,1
0383.8296,11.59,1
0383.9934,11.59,1
0384.1573,11.59,1
0384.3212,11.59,1
0384.4851,11.59,1
0384.6490,11.58,1
0384.8129,11.58,1
0384.9768,11.58,1
0385.1407,11.57,1
0385.3046,11.57,1
0385.4685,11.57,1
0385.6323,11.56,1
0385.7962,11.56,1
0385.9601,11.56,1
0386.1240,11.56,1
0386.2879,11.55,1
0386.4518,11.55,1
0386.6157,11.55,1
0386.7796,11.55,1
0386.9435,11.54,1
0387.1073,11.54,1
0387.2712,11.54,1
0387.4351,11.54,1
0387.5990,11.54,1
0387.7629,11.54,1
0387.9268,11.54,1
0388.0907,11.53,1
0388.2546,11.53,1
0388.4185,11.53,1
0388.5824,11.53,1
0388.7462,11.52,1
0388.9101,11.52,1
0389.0740,11.52,1
0389.2379,11.52,1
0389.4018,11.52,1
0389.5657,11.52,1
0389.7296,11.51,1
0389.8935,11.51,1
0390.0574,11.50,1
0390.2213,11.50,1
0390.3851,11.50,1
0390.5490,11.50,1
0390.7129,11.49,1
0390.8768,11.49,1
0391.0407,11.49,1
0391.2046,11.49,1
0391.3685,11.49,1
0391.5324,11.49,1
0391.6963,11.48,1
0391.8601,11.48,1
0392.0240,11.47,1
0392.1879,11.47,1
0392.3518,11.46,1
0392.5157,11.46,1
0392.6796,11.45,1
0392.8435,11.45,1
0393.0074,11.45,1
0393.1713,11.45,1
0393.3352,11.45,1
0393.4990,11.44,1
0393.6629,11.44,1
0393.8268,11.44,1
0393.9907,11.44,1
0394.1546,11.44,1
0394.3185,11.43,1
0394.4824,11.43,1
0394.6463,11.43,1
0394.8102,11.43,1
0394.9741,11.43,1
0395.1379,11.43,1
0395.3018,11.42,1
0395.4657,11.42,1
0395.6296,11.41,1
0395.7935,11.41,1
0395.9574,11.41,1
0396.1213,11.41,1
0396.2852,11.40,1
0396.4491,11.40,1
0396.6129,11.40,1
0396.7768,11.41,1
0396.9407,11.40,1
0397.1046,11.40,1
0397.2685,11.40,1
0397.4324,11.39,1
0397.5963,11.39,1
0397.7602,11.39,1
0397.9241,11.39,1
0398.0880,11.39,1
0398.2518,11.39,1
0398.4157,11.39,1
0398.5796,11.39,1
0398.7435,11.39,1
0398.9074,11.39,1
0399.0713,11.39,1
0399.2352,11.38,1
0399.3991,11.38,1
0399.5630,11.38,1
0399.7269,11.39,1
0399.8907,11.39,1
0400.0546,11.38,1
0400.2185,11.38,1
0400.3824,11.39,1
0400.5463,11.39,1
0400.7102,11.39,1
0400.8741,11.39,1
0401.0380,11.39,1
0401.2019,11.39,1
0401.3657,11.39,1
0401.5296,11.40,1
0401.6935,11.40,1
0401.8574,11.40,1
0402.0213,11.40,1
0402.1852,11.40,1
0402.3491,11.40,1
0402.5130,11.40,1
0402.6769,11.40,1
0402.8408,11.40,1
0403.0046,11.41,1
0403.1685,11.41,1
0403.3324,11.41,1
0403.4963,11.42,1
0403.6602,11.42,1
0403.8241,11.42,1
0403.9880,11.42,1
0404.1519,11.43,1
0404.3158,11.44,1
0404.4797,11.44,1
0404.6435,11.44,1
0404.8074,11.45,1
0404.9713,11.45,1
0405.1352,11.46,1
0405.2991,11.46,1
0405.4630,11.46,1
0405.6269,11.47,1
0405.7908,11.47,1
0405.9547,11.47,1
0406.1185,11.47,1
0406.2824,11.47,1
0406.4463,11.48,1
0406.6102,11.48,1
0406.7741,11.48,1
0406.9380,11.49,1
0407.1019,11.49,1
0407.2658,11.50,1
0407.4297,11.50,1
0407.5936,11.50,1
0407.7574,11.50,1
0407.9213,11.50,1
0408.0852,11.50,1
0408.2491,11.50,1
0408.4130,11.50,1
0408.5769,11.50,1
0408.7408,11.51,1
0408.9047,11.51,1
0409.0686,11.51,1
0409.2325,11.51,1
0409.3963,11.51,1
0409.5602,11.51,1
0409.7241,11.50,1
0409.8880,11.50,1
0410.0519,11.50,1
0410.2158,11.50,1
0410.3797,11.50,1
0410.5436,11.50,1
0410.7075,11.51,1
0410.8713,11.50,1
0411.0352,11.50,1
0411.1991,11.50,1
0411.3630,11.50,1
0411.5269,11.49,1
0411.6908,11.49,1
0411.8547,11.49,1
0412.0186,11.49,1
0412.1825,11.48,1
0412.3464,11.48,1
0412.5102,11.48,1
0412.6741,11.48,1
0412.8380,11.47,1
0413.0019,11.47,1
0413.1658,11.46,1
0413.3297,11.46,1
0413.4936,11.45,1
0413.6575,11.45,1
0413.8214,11.45,1
0413.9852,11.45,1
0414.1491,11.44,1
0414.3130,11.44,1
0414.4769,11.44,1
0414.6408,11.44,1
0414.8047,11.43,1
0414.9686,11.43,1
0415.1325,11.42,1
0415.2964,11.42,1
0415.4603,11.41,1
0415.6241,11.41,1
0415.7880,11.40,1
0415.9519,11.40,1
0416.1158,11.39,1
0416.2797,11.39,1
0416.4436,11.38,1
0416.6075,11.38,1
0416.7714,11.37,1
0416.9353,11.37,1
0417.0992,11.37,1
0417.2630,11.36,1
0417.4269,11.35,1
0417.5908,11.35,1
0417.7547,11.35,1
0417.9186,11.35,1
0418.0825,11.34,1
0418.2464,11.34,1
0418.4103,11.33,1
0418.5742,11.32,1
0418.7380,11.32,1
0418.9019,11.31,1
0419.0658,11.30,1
0419.2297,11.30,1
0419.3936,11.30,1
0419.5575,11.29,1
0419.7214,11.29,1
0419.8853,11.29,1
0420.0492,11.28,1
0420.2131,11.27,1
0420.3769,11.27,1
0420.5408,11.27,1
0420.7047,11.26,1
0420.8686,11.26,1
0421.0325,11.25,1
0421.1964,11.25,1
0421.3603,11.24,1
0421.5242,11.24,1
0421.6881,11.24,1
0421.8520,11.22,1
0422.0158,11.22,1
0422.1797,11.21,1
0422.3436,11.21,1
0422.5075,11.20,1
0422.6714,11.20,1
0422.8353,11.19,1
0422.9992,11.19,1
0423.1631,11.19,1
0423.3270,11.18,1
0423.4908,11.18,1
0423.6547,11.17,1
0423.8186,11.17,1
0423.9825,11.17,1
0424.1464,11.16,1
0424.3103,11.16,1
0424.4742,11.15,1
0424.6381,11.15,1
0424.8020,11.14,1
0424.9659,11.14,1
0425.1297,11.14,1
0425.2936,11.13,1
0425.4575,11.13,1
0425.6214,11.12,1
0425.7853,11.12,1
0425.9492,11.11,1
0426.1131,11.11,1
0426.2770,11.11,1
0426.4409,11.10,1
0426.6048,11.10,1
0426.7686,11.10,1
0426.9325,11.09,1
0427.0964,11.09,1
0427.2603,11.09,1
0427.4242,11.08,1
0427.5881,11.08,1
0427.7520,11.08,1
0427.9159,11.07,1
0428.0798,11.07,1
0428.2436,11.07,1
0428.4075,11.07,1
0428.5714,11.06,1
0428.7353,11.06,1
0428.8992,11.06,1
0429.0631,11.05,1
0429.2270,11.05,1
0429.3909,11.04,1
0429.5548,11.04,1
0429.7187,11.04,1
0429.8825,11.03,1
0430.0464,11.03,1
0430.2103,11.03,1
0430.3742,11.03,1
0430.5381,11.03,1
0430.7020,11.03,1
0430.8659,11.02,1
0431.0298,11.02,1
0431.1937,11.02,1
0431.3576,11.02,1
0431.5214,11.02,1
0431.6853,11.01,1
0431.8492,11.01,1
0432.0131,11.01,1
0432.1770,11.00,1
0432.3409,11.00,1
0432.5048,11.00,1
0432.6687,10.99,1
0432.8326,10.99,1
0432.9964,10.99,1
0433.1603,10.98,1
0433.3242,10.98,1
0433.4881,10.98,1
0433.6520,10.98,1
0433.8159,10.98,1
0433.9798,10.98,1
0434.1437,10.98,1
0434.3076,10.97,1
0434.4715,10.97,1
0434.6353,10.97,1
0434.7992,10.97,1
0434.9631,10.97,1
0435.1270,10.96,1
0435.2909,10.96,1
0435.4548,10.96,1
0435.6187,10.96,1
0435.7826,10.95,1
0435.9465,10.95,1
0436.1104,10.95,1
0436.2742,10.95,1
0436.4381,10.94,1
0436.6020,10.94,1
0436.7659,10.94,1
0436.9298,10.94,1
0437.0937,10.94,1
0437.2576,10.94,1
0437.4215,10.94,1
0437.5854,10.94,1
0437.7492,10.93,1
0437.9131,10.93,1
0438.0770,10.93,1
0438.2409,10.93,1
0438.4048,10.93,1
0438.5687,10.93,1
0438.7326,10.93,1
0438.8965,10.92,1
0439.0604,10.92,1
0439.2243,10.93,1
0439.3881,10.93,1
0439.5520,10.92,1
0439.7159,10.92,1
0439.8798,10.92,1
0440.0437,10.92,1
0440.2076,10.92,1
0440.3715,10.93,1
0440.5354,10.93,1
0440.6993,10.93,1
0440.8632,10.93,1
0441.0270,10.93,1
0441.1909,10.93,1
0441.3548,10.94,1
0441.5187,10.94,1
0441.6826,10.94,1
0441.8465,10.94,1
0442.0104,10.94,1
0442.1743,10.95,1
0442.3382,10.95,1
0442.5020,10.95,1
0442.6659,10.95,1
0442.8298,10.96,1
0442.9937,10.96,1
0443.1576,10.96,1
0443.3215,10.96,1
0443.4854,10.97,1
0443.6493,10.97,1
0443.8132,10.97,1
0443.9771,10.98,1
0444.1409,10.98,1
0444.3048,10.98,1
0444.4687,10.98,1
0444.6326,10.99,1
0444.7965,10.99,1
0444.9604,11.00,1
0445.1243,11.00,1
0445.2882,11.00,1
0445.4521,11.01,1
0445.6160,11.01,1
0445.7798,11.01,1
0445.9437,11.02,1
0446.1076,11.02,1
0446.2715,11.02,1
0446.4354,11.03,1
0446.5993,11.03,1
0446.7632,11.03,1
0446.9271,11.03,1
0447.0910,11.04,1
0447.2548,11.04,1
0447.4187,11.05,1
0447.5826,11.05,1
0447.7465,11.05,1
0447.9104,11.06,1
0448.0743,11.06,1
0448.2382,11.07,1
0448.4021,11.07,1
0448.5660,11.07,1
0448.7299,11.07,1
0448.8937,11.08,1
0449.0576,11.08,1
0449.2215,11.08,1
0449.3854,11.08,1
0449.5493,11.08,1
0449.7132,11.08,1
0449.8771,11.09,1
0450.0410,11.09,1
0450.2049,11.10,1
0450.3688,11.10,1
0450.5326,11.10,1
0450.6965,11.10,1
0450.8604,11.11,1
0451.0243,11.11,1
0451.1882,11.11,1
0451.3521,11.11,1
0451.5160,11.11,1
0451.6799,11.11,1
0451.8438,11.11,1
0452.0076,11.12,1
0452.1715,11.12,1
0452.3354,11.12,1
0452.4993,11.12,1
0452.6632,11.12,1
0452.8271,11.12,1
0452.9910,11.12,1
0453.1549,11.12,1
0453.3188,11.13,1
0453.4827,11.13,1
0453.6465,11.13,1
0453.8104,11.13,1
0453.9743,11.13,1
0454.1382,11.13,1
0454.3021,11.14,1
0454.4660,11.13,1
0454.6299,11.13,1
0454.7938,11.13,1
0454.9577,11.13,1
0455.1216,11.13,1
0455.2854,11.13,1
0455.4493,11.13,1
0455.6132,11.14,1
0455.7771,11.14,1
0455.9410,11.13,1
0456.1049,11.13,1
0456.2688,11.13,1
0456.4327,11.13,1
0456.5966,11.12,1
0456.7604,11.12,1
0456.9243,11.12,1
0457.0882,11.12,1
0457.2521,11.12,1
0457.4160,11.12,1
0457.5799,11.12,1
0457.7438,11.12,1
0457.9077,11.11,1
0458.0716,11.11,1
0458.2355,11.11,1
0458.3993,11.11,1
0458.5632,11.10,1
0458.7271,11.10,1
0458.8910,11.09,1
0459.0549,11.09,1
0459.2188,11.09,1
0459.3827,11.09,1
0459.5466,11.08,1
0459.7105,11.08,1
0459.8744,11.07,1
0460.0382,11.07,1
0460.2021,11.06,1
0460.3660,11.06,1
0460.5299,11.06,1
0460.6938,11.05,1
0460.8577,11.05,1
0461.0216,11.05,1
0461.1855,11.05,1
0461.3494,11.04,1
0461.5132,11.03,1
0461.6771,11.03,1
0461.8410,11.02,1
0462.0049,11.02,1
0462.1688,11.02,1
0462.3327,11.01,1
0462.4966,11.01,1
0462.6605,11.01,1
0462.8244,11.01,1
0462.9883,11.00,1
0463.1521,11.00,1
0463.3160,10.99,1
0463.4799,10.99,1
0463.6438,10.99,1
0463.8077,10.98,1
0463.9716,10.98,1
0464.1355,10.98,1
0464.2994,10.98,1
0464.4633,10.98,1
0464.6272,10.97,1
0464.7910,10.97,1
0464.9549,10.96,1
0465.1188,10.96,1
0465.2827,10.95,1
0465.4466,10.95,1
0465.6105,10.94,1
0465.7744,10.94,1
0465.9383,10.93,1
0466.1022,10.93,1
0466.2660,10.93,1
0466.4299,10.92,1
0466.5938,10.92,1
0466.7577,10.91,1
0466.9216,10.91,1
0467.0855,10.91,1
0467.2494,10.90,1
0467.4133,10.90,1
0467.5772,10.89,1
0467.7411,10.89,1
0467.9049,10.89,1
0468.0688,10.88,1
0468.2327,10.88,1
0468.3966,10.88,1
0468.5605,10.87,1
0468.7244,10.87,1
0468.8883,10.86,1
0469.0522,10.86,1
0469.2161,10.85,1
0469.3800,10.85,1
0469.5438,10.84,1
0469.7077,10.84,1
0469.8716,10.84,1
0470.0355,10.83,1
0470.1994,10.83,1
0470.3633,10.83,1
0470.5272,10.82,1
0470.6911,10.82,1
0470.8550,10.81,1
0471.0188,10.81,1
0471.1827,10.80,1
0471.3466,10.80,1
0471.5105,10.79,1
0471.6744,10.79,1
0471.8383,10.78,1
0472.0022,10.78,1
0472.1661,10.78,1
0472.3300,10.77,1
0472.4939,10.77,1
0472.6577,10.76,1
0472.8216,10.76,1
0472.9855,10.75,1
0473.1494,10.75,1
0473.3133,10.74,1
0473.4772,10.74,1
0473.6411,10.73,1
0473.8050,10.73,1
0473.9689,10.73,1
0474.1328,10.72,1
0474.2966,10.72,1
0474.4605,10.72,1
0474.6244,10.72,1
0474.7883,10.71,1
0474.9522,10.70,1
0475.1161,10.70,1
0475.2800,10.70,1
0475.4439,10.69,1
0475.6078,10.69,1
0475.7716,10.69,1
0475.9355,10.68,1
0476.0994,10.68,1
0476.2633,10.68,1
0476.4272,10.67,1
0476.5911,10.66,1
0476.7550,10.66,1
0476.9189,10.65,1
0477.0828,10.65,1
0477.2467,10.65,1
0477.4105,10.64,1
0477.5744,10.64,1
0477.7383,10.64,1
0477.9022,10.64,1
0478.0661,10.63,1
0478.2300,10.63,1
0478.3939,10.63,1
0478.5578,10.62,1
0478.7217,10.62,1
0478.8856,10.61,3
0479.0494,10.61,3
0479.2133,10.61,3
0479.3772,10.60,3
0479.5411,10.60,3
0479.7050,10.60,3
0479.8689,10.60,3
0480.0328,10.59,3
0480.1967,10.59,3
0480.3606,10.59,3
0480.5244,10.58,3
0480.6883,10.58,3
0480.8522,10.58,3
0481.0161,10.58,3
0481.1800,10.58,3
0481.3439,10.57,3
0481.5078,10.57,3
0481.6717,10.57,3
0481.8356,10.57,3
0481.9995,10.57,3
0482.1633,10.56,3
0482.3272,10.56,3
0482.4911,10.55,3
0482.6550,10.55,3
0482.8189,10.55,3
0482.9828,10.55,3
0483.1467,10.55,3
0483.3106,10.54,3
0483.4745,10.54,3
0483.6384,10.54,3
0483.8022,10.54,3
0483.9661,10.54,3
0484.1300,10.53,3
0484.2939,10.53,3
0484.4578,10.53,3
0484.6217,10.53,3
0484.7856,10.53,3
0484.9495,10.53,3
0485.1134,10.52,3
0485.2772,10.52,3
0485.4411,10.52,3
0485.6050,10.52,3
0485.7689,10.52,3
0485.9328,10.52,3
0486.0967,10.52,3
0486.2606,10.52,3
0486.4245,10.51,3
0486.5884,10.51,3
0486.7523,10.51,3
0486.9161,10.51,3
0487.0800,10.51,3
0487.2439,10.51,3
0487.4078,10.51,3
0487.5717,10.51,3
0487.7356,10.51,3
0487.8995,10.50,3
0488.0634,10.50,3
0488.2273,10.50,3
0488.3911,10.50,3
0488.5550,10.50,3
0488.7189,10.49,3
0488.8828,10.49,3
0489.0467,10.50,3
0489.2106,10.50,3
0489.3745,10.49,3
0489.5384,10.49,3
0489.7023,10.49,3
0489.8662,10.49,3
0490.0300,10.49,3
0490.1939,10.49,3
0490.3578,10.49,3
0490.5217,10.49,3
0490.6856,10.49,3
0490.8495,10.49,3
0491.0134,10.49,3
0491.1773,10.49,3
0491.3412,10.49,3
0491.5051,10.49,3
0491.6689,10.49,3
0491.8328,10.48,3
0491.9967,10.48,3
0492.1606,10.48,3
0492.3245,10.48,3
0492.4884,10.48,3
0492.6523,10.48,3
0492.8162,10.48,3
0492.9801,10.48,3
0493.1439,10.48,3
0493.3078,10.48,3
0493.4717,10.47,3
0493.6356,10.47,3
0493.7995,10.47,3
0493.9634,10.47,3
0494.1273,10.47,3
0494.2912,10.47,3
0494.4551,10.47,3
0494.6190,10.47,3
0494.7828,10.47,3
0494.9467,10.47,3
0495.1106,10.47,3
0495.2745,10.47,3
0495.4384,10.47,3
0495.6023,10.46,3
0495.7662,10.46,3
0495.9301,10.46,3
0496.0940,10.46,3
0496.2579,10.46,3
0496.4217,10.46,3
0496.5856,10.45,3
0496.7495,10.45,3
0496.9134,10.45,3
0497.0773,10.45,3
0497.2412,10.45,3
0497.4051,10.45,3
0497.5690,10.45,3
0497.7329,10.45,3
0497.8967,10.45,3
0498.0606,10.45,3
0498.2245,10.45,3
0498.3884,10.44,3
0498.5523,10.44,3
0498.7162,10.44,3
0498.8801,10.44,3
0499.0440,10.44,3
0499.2079,10.44,3
0499.3718,10.43,3
0499.5356,10.43,3
0499.6995,10.43,3
0499.8634,10.43,3
0500.0273,10.43,3
0500.1912,10.43,3
0500.3551,10.43,3
0500.5190,10.43,3
0500.6829,10.42,3
0500.8468,10.42,3
0501.0107,10.42,3
0501.1745,10.42,3
0501.3384,10.42,3
0501.5023,10.42,3
0501.6662,10.42,3
0501.8301,10.42,3
0501.9940,10.42,3
0502.1579,10.42,3
0502.3218,10.42,3
0502.4857,10.42,3
0502.6495,10.41,3
0502.8134,10.42,3
0502.9773,10.42,3
0503.1412,10.41,3
0503.3051,10.41,3
0503.4690,10.41,3
0503.6329,10.41,3
0503.7968,10.41,3
0503.9607,10.41,3
0504.1246,10.41,3
0504.2884,10.41,3
0504.4523,10.41,3
0504.6162,10.41,3
0504.7801,10.41,3
0504.9440,10.41,3
0505.1079,10.41,3
0505.2718,10.41,3
0505.4357,10.40,3
0505.5996,10.41,3
0505.7635,10.40,3
0505.9273,10.40,3
0506.0912,10.40,3
0506.2551,10.40,3
0506.4190,10.40,3
0506.5829,10.40,3
0506.7468,10.40,3
0506.9107,10.40,3
0507.0746,10.39,3
0507.2385,10.39,3
0507.4023,10.39,3
0507.5662,10.39,3
0507.7301,10.39,3
0507.8940,10.39,3
0508.0579,10.39,3
0508.2218,10.39,3
0508.3857,10.39,3
0508.5496,10.39,3
0508.7135,10.39,3
0508.8774,10.39,3
0509.0412,10.39,3
0509.2051,10.39,3
0509.3690,10.39,3
0509.5329,10.38,3
0509.6968,10.38,3
0509.8607,10.38,3
0510.0246,10.38,3
0510.1885,10.38,3
0510.3524,10.38,3
0510.5163,10.38,3
0510.6801,10.38,3
0510.8440,10.37,3
0511.0079,10.37,3
0511.1718,10.37,3
0511.3357,10.37,3
0511.4996,10.37,3
0511.6635,10.37,3
0511.8274,10.37,3
0511.9913,10.37,3
0512.1551,10.37,3
0512.3190,10.36,3
0512.4829,10.36,3
0512.6468,10.36,3
0512.8107,10.35,3
0512.9746,10.35,3
0513.1385,10.35,3
0513.3024,10.35,3
0513.4663,10.35,3
0513.6302,10.34,3
0513.7940,10.34,3
0513.9579,10.34,3
0514.1218,10.34,3
0514.2857,10.34,3
0514.4496,10.34,3
0514.6135,10.34,3
0514.7774,10.34,3
0514.9413,10.34,3
0515.1052,10.34,3
0515.2691,10.33,3
0515.4329,10.33,3
0515.5968,10.33,3
0515.7607,10.33,3
0515.9246,10.33,3
0516.0885,10.32,3
0516.2524,10.32,3
0516.4163,10.32,3
0516.5802,10.32,3
0516.7441,10.32,3
0516.9079,10.31,3
0517.0718,10.31,3
0517.2357,10.31,3
0517.3996,10.31,3
0517.5635,10.31,3
0517.7274,10.31,3
0517.8913,10.31,3
0518.0552,10.31,3
0518.2191,10.30,3
0518.3830,10.30,3
0518.5468,10.30,3
0518.7107,10.30,3
0518.8746,10.30,3
0519.0385,10.30,3
0519.2024,10.29,3
0519.3663,10.29,3
0519.5302,10.29,3
0519.6941,10.29,3
0519.8580,10.29,3
0520.0219,10.28,3
0520.1857,10.28,3
0520.3496,10.28,3
0520.5135,10.28,3
0520.6774,10.28,3
0520.8413,10.28,3
0521.0052,10.28,3
0521.1691,10.28,3
0521.3330,10.28,3
0521.4969,10.28,3
0521.6607,10.27,3
0521.8246,10.27,3
0521.9885,10.27,3
0522.1524,10.27,3
0522.3163,10.27,3
0522.4802,10.27,3
0522.6441,10.26,3
0522.8080,10.26,3
0522.9719,10.26,3
0523.1358,10.26,3
0523.2996,10.26,3
0523.4635,10.26,3
0523.6274,10.26,3
0523.7913,10.25,3
0523.9552,10.25,3
0524.1191,10.25,3
0524.2830,10.25,3
0524.4469,10.25,3
0524.6108,10.25,3
0524.7747,10.25,3
0524.9385,10.25,3
0525.1024,10.25,3
0525.2663,10.25,3
0525.4302,10.24,3
0525.5941,10.24,3
0525.7580,10.24,3
0525.9219,10.24,3
0526.0858,10.24,3
0526.2497,10.24,3
0526.4135,10.24,3
0526.5774,10.24,3
0526.7413,10.24,3
0526.9052,10.24,3
0527.0691,10.24,3
0527.2330,10.24,3
0527.3969,10.24,3
0527.5608,10.23,3
0527.7247,10.23,3
0527.8886,10.23,3
0528.0524,10.23,3
0528.2163,10.23,3
0528.3802,10.23,3
0528.5441,10.23,3
0528.7080,10.23,3
0528.8719,10.23,3
0529.0358,10.23,3
0529.1997,10.23,3
0529.3636,10.23,3
0529.5275,10.23,3
0529.6913,10.23,3
0529.8552,10.23,3
0530.0191,10.23,3
0530.1830,10.23,3
0530.3469,10.23,3
0530.5108,10.23,3
0530.6747,10.23,3
0530.8386,10.23,3
0531.0025,10.23,3
0531.1663,10.22,3
0531.3302,10.22,3
0531.4941,10.22,3
0531.6580,10.22,3
0531.8219,10.22,3
0531.9858,10.23,3
0532.1497,10.23,3
0532.3136,10.23,3
0532.4775,10.23,3
0532.6414,10.23,3
0532.8052,10.23,3
0532.9691,10.23,3
0533.1330,10.23,3
0533.2969,10.22,3
0533.4608,10.22,3
0533.6247,10.22,3
0533.7886,10.22,3
0533.9525,10.22,3
0534.1164,10.22,3
0534.2803,10.22,3
0534.4441,10.22,3
0534.6080,10.22,3
0534.7719,10.22,3
0534.9358,10.22,3
0535.0997,10.22,3
0535.2636,10.22,3
0535.4275,10.22,3
0535.5914,10.22,3
0535.7553,10.21,3
0535.9191,10.21,3
0536.0830,10.21,3
0536.2469,10.21,3
0536.4108,10.21,3
0536.5747,10.21,3
0536.7386,10.21,3
0536.9025,10.20,1
0537.0664,10.20,1
0537.2303,10.20,1
0537.3942,10.20,1
0537.5580,10.20,1
0537.7219,10.21,1
0537.8858,10.21,1
0538.0497,10.21,1
0538.2136,10.21,1
0538.3775,10.21,1
0538.5414,10.21,1
0538.7053,10.21,1
0538.8692,10.21,1
0539.0331,10.21,1
0539.1969,10.21,1
0539.3608,10.21,1
0539.5247,10.21,1
0539.6886,10.21,1
0539.8525,10.21,1
0540.0164,10.21,1
0540.1803,10.20,1
0540.3442,10.20,1
0540.5081,10.20,1
0540.6719,10.21,1
0540.8358,10.21,1
0540.9997,10.21,1
0541.1636,10.21,1
0541.3275,10.21,1
0541.4914,10.21,1
0541.6553,10.21,1
0541.8192,10.22,1
0541.9831,10.22,1
0542.1470,10.22,1
0542.3108,10.22,1
0542.4747,10.22,1
0542.6386,10.23,1
0542.8025,10.23,1
0542.9664,10.23,1
0543.1303,10.23,1
0543.2942,10.23,1
0543.4581,10.24,1
0543.6220,10.24,1
0543.7859,10.25,1
0543.9497,10.25,1
0544.1136,10.26,1
0544.2775,10.26,1
0544.4414,10.26,1
0544.6053,10.27,1
0544.7692,10.28,1
0544.9331,10.28,1
0545.0970,10.28,1
0545.2609,10.29,1
0545.4247,10.29,1
0545.5886,10.30,1
0545.7525,10.31,1
0545.9164,10.31,1
0546.0803,10.31,1
0546.2442,10.31,1
0546.4081,10.32,1
0546.5720,10.33,1
0546.7359,10.34,1
0546.8998,10.34,1
0547.0636,10.35,1
0547.2275,10.36,1
0547.3914,10.37,1
0547.5553,10.38,1
0547.7192,10.38,1
0547.8831,10.39,1
0548.0470,10.40,1
0548.2109,10.40,1
0548.3748,10.42,1
0548.5387,10.43,1
0548.7025,10.43,1
0548.8664,10.45,1
0549.0303,10.45,1
0549.1942,10.46,1
0549.3581,10.47,1
0549.5220,10.48,1
0549.6859,10.49,1
0549.8498,10.49,1
0550.0137,10.50,1
0550.1775,10.51,1
0550.3414,10.52,1
0550.5053,10.54,1
0550.6692,10.55,1
0550.8331,10.56,1
0550.9970,10.57,1
0551.1609,10.58,1
0551.3248,10.59,1
0551.4887,10.60,1
0551.6526,10.61,1
0551.8164,10.61,1
0551.9803,10.63,1
0552.1442,10.64,1
0552.3081,10.65,1
0552.4720,10.66,1
0552.6359,10.68,1
0552.7998,10.69,1
0552.9637,10.70,1
0553.1276,10.71,1
0553.2915,10.72,1
0553.4553,10.72,1
0553.6192,10.74,1
0553.7831,10.74,1
0553.9470,10.76,1
0554.1109,10.77,1
0554.2748,10.79,1
0554.4387,10.80,1
0554.6026,10.81,1
0554.7665,10.82,1
0554.9303,10.84,1
0555.0942,10.85,1
0555.2581,10.86,1
0555.4220,10.87,1
0555.5859,10.88,1
0555.7498,10.89,1
0555.9137,10.91,1
0556.0776,10.92,1
0556.2415,10.93,1
0556.4054,10.94,1
0556.5692,10.95,1
0556.7331,10.96,1
0556.8970,10.97,1
0557.0609,10.99,1
0557.2248,10.99,1
0557.3887,11.01,1
0557.5526,11.02,1
0557.7165,11.03,1
0557.8804,11.05,1
0558.0443,11.06,1
0558.2081,11.07,1
0558.3720,11.08,1
0558.5359,11.09,1
0558.6998,11.09,1
0558.8637,11.11,1
0559.0276,11.11,1
0559.1915,11.12,1
0559.3554,11.13,1
0559.5193,11.14,1
0559.6831,11.15,1
0559.8470,11.16,1
0560.0109,11.17,1
0560.1748,11.17,1
0560.3387,11.18,1
0560.5026,11.19,1
0560.6665,11.20,1
0560.8304,11.20,1
0560.9943,11.21,1
0561.1582,11.22,1
0561.3220,11.23,3
0561.4859,11.23,3
0561.6498,11.24,3
0561.8137,11.25,3
0561.9776,11.25,3
0562.1415,11.25,3
0562.3054,11.26,3
0562.4693,11.26,3
0562.6332,11.27,3
0562.7970,11.27,3
0562.9609,11.28,3
0563.1248,11.28,3
0563.2887,11.29,3
0563.4526,11.29,3
0563.6165,11.30,3
0563.7804,11.30,3
0563.9443,11.30,3
0564.1082,11.30,3
0564.2721,11.30,3
0564.4359,11.31,3
0564.5998,11.31,3
0564.7637,11.31,3
0564.9276,11.32,3
0565.0915,11.32,3
0565.2554,11.32,3
0565.4193,11.33,3
0565.5832,11.33,3
0565.7471,11.33,3
0565.9110,11.33,3
0566.0748,11.33,3
0566.2387,11.33,3
0566.4026,11.33,3
0566.5665,11.34,3
0566.7304,11.34,3
0566.8943,11.34,3
0567.0582,11.34,3
0567.2221,11.34,3
0567.3860,11.34,3
0567.5498,11.34,3
0567.7137,11.34,3
0567.8776,11.34,3
0568.0415,11.34,3
0568.2054,11.34,3
0568.3693,11.34,3
0568.5332,11.34,3
0568.6971,11.35,3
0568.8610,11.35,3
0569.0249,11.35,3
0569.1887,11.35,3
0569.3526,11.35,3
0569.5165,11.35,3
0569.6804,11.35,3
0569.8443,11.35,3
0570.0082,11.35,3
0570.1721,11.35,3
0570.3360,11.35,3
0570.4999,11.35,3
0570.6638,11.36,3
0570.8276,11.36,3
0570.9915,11.36,3
0571.1554,11.36,3
0571.3193,11.36,3
0571.4832,11.36,3
0571.6471,11.36,3
0571.8110,11.36,3
0571.9749,11.37,3
0572.1388,11.37,3
0572.3026,11.37,3
0572.4665,11.37,3
0572.6304,11.37,3
0572.7943,11.37,3
0572.9582,11.36,3
0573.1221,11.36,3
0573.2860,11.36,3
0573.4499,11.36,3
0573.6138,11.36,3
0573.7777,11.37,3
0573.9415,11.37,3
0574.1054,11.37,3
0574.2693,11.37,3
0574.4332,11.37,3
0574.5971,11.36,3
0574.7610,11.36,3
0574.9249,11.36,3
0575.0888,11.36,3
0575.2527,11.36,3
0575.4166,11.36,3
0575.5804,11.36,3
0575.7443,11.36,3
0575.9082,11.36,3
0576.0721,11.36,3
0576.2360,11.36,3
0576.3999,11.36,3
0576.5638,11.35,3
0576.7277,11.35,3
0576.8916,11.35,3
0577.0554,11.35,3
0577.2193,11.35,3
0577.3832,11.35,3
0577.5471,11.35,3
0577.7110,11.35,3
0577.8749,11.35,3
0578.0388,11.35,3
0578.2027,11.35,3
0578.3666,11.35,3
0578.5305,11.34,3
0578.6943,11.34,3
0578.8582,11.34,3
0579.0221,11.34,3
0579.1860,11.34,3
0579.3499,11.34,3
0579.5138,11.34,3
0579.6777,11.33,3
0579.8416,11.33,3
0580.0055,11.33,3
0580.1694,11.33,3
0580.3332,11.33,3
0580.4971,11.32,3
0580.6610,11.32,3
0580.8249,11.32,3
0580.9888,11.32,3
0581.1527,11.32,3
0581.3166,11.32,3
0581.4805,11.32,3
0581.6444,11.32,3
0581.8082,11.32,3
0581.9721,11.31,3
0582.1360,11.31,3
0582.2999,11.30,3
0582.4638,11.30,3
0582.6277,11.30,3
0582.7916,11.30,3
0582.9555,11.29,3
0583.1194,11.29,3
0583.2833,11.29,3
0583.4471,11.29,3
0583.6110,11.29,3
0583.7749,11.28,3
0583.9388,11.28,3
0584.1027,11.27,3
0584.2666,11.27,3
0584.4305,11.27,3
0584.5944,11.27,3
0584.7583,11.27,3
0584.9222,11.26,3
0585.0860,11.26,3
0585.2499,11.26,3
0585.4138,11.25,3
0585.5777,11.25,3
0585.7416,11.24,3
0585.9055,11.24,3
0586.0694,11.23,3
0586.2333,11.23,3
0586.3972,11.23,3
0586.5610,11.23,3
0586.7249,11.22,3
0586.8888,11.22,3
0587.0527,11.22,3
0587.2166,11.22,3
0587.3805,11.21,3
0587.5444,11.21,3
0587.7083,11.20,3
0587.8722,11.20,3
0588.0361,11.20,3
0588.1999,11.20,3
0588.3638,11.19,3
0588.5277,11.19,3
0588.6916,11.18,3
0588.8555,11.18,3
0589.0194,11.18,3
0589.1833,11.17,3
0589.3472,11.16,3
0589.5111,11.16,3
0589.6750,11.16,3
0589.8388,11.15,3
0590.0027,11.15,3
0590.1666,11.15,3
0590.3305,11.15,3
0590.4944,11.14,3
0590.6583,11.14,3
0590.8222,11.13,3
0590.9861,11.13,3
0591.1500,11.12,3
0591.3138,11.12,3
0591.4777,11.12,3
0591.6416,11.11,3
0591.8055,11.11,3
0591.9694,11.10,3
0592.1333,11.10,3
0592.2972,11.09,3
0592.4611,11.09,3
0592.6250,11.08,3
0592.7889,11.08,3
0592.9527,11.07,3
0593.1166,11.06,3
0593.2805,11.06,3
0593.4444,11.06,3
0593.6083,11.05,3
0593.7722,11.04,3
0593.9361,11.04,3
0594.1000,11.03,3
0594.2639,11.03,3
0594.4278,11.02,3
0594.5916,11.02,3
0594.7555,11.00,3
0594.9194,11.00,3
0595.0833,10.99,3
0595.2472,10.99,3
0595.4111,10.98,3
0595.5750,10.98,3
0595.7389,10.98,3
0595.9028,10.97,3
0596.0666,10.97,3
0596.2305,10.96,3
0596.3944,10.95,3
0596.5583,10.95,3
0596.7222,10.95,3
0596.8861,10.94,3
0597.0500,10.94,3
0597.2139,10.93,3
0597.3778,10.93,3
0597.5417,10.93,3
0597.7055,10.92,3
0597.8694,10.92,1
0598.0333,10.92,1
0598.1972,10.92,1
0598.3611,10.91,1
0598.5250,10.91,1
0598.6889,10.91,1
0598.8528,10.91,1
0599.0167,10.90,1
0599.1806,10.90,1
0599.3444,10.89,1
0599.5083,10.89,1
0599.6722,10.89,1
0599.8361,10.89,1
