Time[s],Rotational_speed[rpm],Status
0000.0000,10.89,1
0000.1639,10.88,1
0000.3278,10.88,1
0000.4917,10.88,1
0000.6556,10.88,1
0000.8194,10.89,1
0000.9833,10.88,1
0001.1472,10.88,1
0001.3111,10.88,1
0001.4750,10.88,1
0001.6389,10.88,1
0001.8028,10.88,1
0001.9667,10.87,1
0002.1306,10.87,1
0002.2945,10.87,1
0002.4583,10.87,1
0002.6222,10.87,1
0002.7861,10.87,1
0002.9500,10.87,1
0003.1139,10.87,1
0003.2778,10.87,1
0003.4417,10.88,1
0003.6056,10.88,1
0003.7695,10.87,1
0003.9334,10.87,1
0004.0972,10.87,1
0004.2611,10.87,1
0004.4250,10.88,1
0004.5889,10.87,1
0004.7528,10.87,1
0004.9167,10.87,1
0005.0806,10.87,1
0005.2445,10.87,1
0005.4084,10.87,1
0005.5722,10.86,1
0005.7361,10.86,1
0005.9000,10.86,1
0006.0639,10.86,1
0006.2278,10.86,1
0006.3917,10.86,1
0006.5556,10.86,1
0006.7195,10.86,1
0006.8834,10.86,1
0007.0473,10.85,1
0007.2111,10.85,1
0007.3750,10.85,1
0007.5389,10.85,1
0007.7028,10.85,1
0007.8667,10.85,1
0008.0306,10.85,1
0008.1945,10.85,1
0008.3584,10.85,1
0008.5223,10.84,1
0008.6862,10.84,1
0008.8500,10.84,1
0009.0139,10.84,1
0009.1778,10.84,1
0009.3417,10.84,1
0009.5056,10.83,1
0009.6695,10.83,1
0009.8334,10.84,1
0009.9973,10.84,1
0010.1612,10.84,1
0010.3250,10.84,1
0010.4889,10.83,1
0010.6528,10.83,1
0010.8167,10.84,1
0010.9806,10.84,1
0011.1445,10.83,1
0011.3084,10.83,1
0011.4723,10.83,1
0011.6362,10.83,1
0011.8001,10.83,1
0011.9639,10.83,1
0012.1278,10.83,1
0012.2917,10.83,1
0012.4556,10.83,1
0012.6195,10.83,1
0012.7834,10.83,1
0012.9473,10.83,1
0013.1112,10.83,1
0013.2751,10.83,1
0013.4390,10.83,1
0013.6028,10.84,1
0013.7667,10.84,1
0013.9306,10.84,1
0014.0945,10.84,1
0014.2584,10.84,1
0014.4223,10.84,1
0014.5862,10.85,1
0014.7501,10.85,1
0014.9140,10.85,1
0015.0778,10.85,1
0015.2417,10.85,1
0015.4056,10.86,1
0015.5695,10.86,1
0015.7334,10.86,1
0015.8973,10.86,1
0016.0612,10.86,1
0016.2251,10.87,1
0016.3890,10.87,1
0016.5529,10.87,1
0016.7167,10.87,1
0016.8806,10.87,1
0017.0445,10.88,1
0017.2084,10.88,1
0017.3723,10.89,1
0017.5362,10.89,1
0017.7001,10.90,1
0017.8640,10.90,1
0018.0279,10.91,1
0018.1918,10.91,1
0018.3556,10.91,1
0018.5195,10.92,1
0018.6834,10.92,1
0018.8473,10.92,1
0019.0112,10.93,1
0019.1751,10.93,1
0019.3390,10.94,1
0019.5029,10.94,1
0019.6668,10.95,1
0019.8306,10.96,1
0019.9945,10.96,1
0020.1584,10.97,1
0020.3223,10.97,1
0020.4862,10.97,1
0020.6501,10.98,1
0020.8140,10.98,1
0020.9779,10.99,1
0021.1418,10.99,1
0021.3057,11.00,1
0021.4695,11.00,1
0021.6334,11.00,1
0021.7973,11.01,1
0021.9612,11.01,1
0022.1251,11.01,1
0022.2890,11.01,1
0022.4529,11.01,1
0022.6168,11.02,1
0022.7807,11.02,1
0022.9446,11.03,1
0023.1084,11.04,1
0023.2723,11.04,1
0023.4362,11.04,1
0023.6001,11.05,1
0023.7640,11.05,1
0023.9279,11.05,1
0024.0918,11.05,1
0024.2557,11.05,1
0024.4196,11.05,1
0024.5834,11.06,1
0024.7473,11.06,1
0024.9112,11.06,1
0025.0751,11.07,1
0025.2390,11.07,1
0025.4029,11.07,1
0025.5668,11.07,1
0025.7307,11.07,1
0025.8946,11.06,1
0026.0585,11.07,1
0026.2223,11.07,1
0026.3862,11.07,1
0026.5501,11.08,1
0026.7140,11.08,1
0026.8779,11.08,1
0027.0418,11.08,1
0027.2057,11.08,1
0027.3696,11.08,1
0027.5335,11.08,1
0027.6974,11.07,1
0027.8612,11.08,1
0028.0251,11.08,1
0028.1890,11.08,1
0028.3529,11.09,1
0028.5168,11.09,1
0028.6807,11.10,1
0028.8446,11.10,1
0029.0085,11.09,1
0029.1724,11.09,1
0029.3362,11.09,1
0029.5001,11.09,1
0029.6640,11.09,1
0029.8279,11.09,1
0029.9918,11.09,1
0030.1557,11.10,1
0030.3196,11.10,1
0030.4835,11.11,1
0030.6474,11.11,1
0030.8113,11.11,1
0030.9751,11.10,1
0031.1390,11.10,1
0031.3029,11.10,1
0031.4668,11.10,1
0031.6307,11.10,1
0031.7946,11.10,1
0031.9585,11.11,1
0032.1224,11.11,1
0032.2863,11.12,1
0032.4502,11.12,1
0032.6140,11.12,1
0032.7779,11.11,1
0032.9418,11.11,1
0033.1057,11.11,1
0033.2696,11.11,1
0033.4335,11.11,1
0033.5974,11.12,1
0033.7613,11.12,1
0033.9252,11.12,1
0034.0890,11.12,1
0034.2529,11.12,1
0034.4168,11.12,1
0034.5807,11.12,1
0034.7446,11.11,1
0034.9085,11.11,1
0035.0724,11.11,1
0035.2363,11.11,1
0035.4002,11.11,1
0035.5641,11.11,1
0035.7279,11.12,1
0035.8918,11.11,1
0036.0557,11.11,1
0036.2196,11.11,1
0036.3835,11.11,1
0036.5474,11.11,1
0036.7113,11.11,1
0036.8752,11.11,1
0037.0391,11.11,1
0037.2030,11.11,1
0037.3668,11.11,1
0037.5307,11.11,1
0037.6946,11.11,1
0037.8585,11.10,1
0038.0224,11.10,1
0038.1863,11.10,1
0038.3502,11.10,1
0038.5141,11.10,1
0038.6780,11.10,1
0038.8418,11.10,1
0039.0057,11.09,1
0039.1696,11.09,1
0039.3335,11.09,1
0039.4974,11.09,1
0039.6613,11.09,1
0039.8252,11.09,1
0039.9891,11.08,1
0040.1530,11.08,1
0040.3169,11.08,1
0040.4807,11.08,1
0040.6446,11.08,1
0040.8085,11.08,1
0040.9724,11.08,1
0041.1363,11.08,1
0041.3002,11.07,1
0041.4641,11.07,1
0041.6280,11.07,1
0041.7919,11.07,1
0041.9557,11.07,1
0042.1196,11.07,1
0042.2835,11.07,1
0042.4474,11.06,1
0042.6113,11.06,1
0042.7752,11.07,1
0042.9391,11.07,1
0043.1030,11.06,1
0043.2669,11.06,1
0043.4308,11.06,1
0043.5946,11.06,1
0043.7585,11.06,1
0043.9224,11.06,1
0044.0863,11.06,1
0044.2502,11.06,1
0044.4141,11.06,1
0044.5780,11.07,1
0044.7419,11.07,1
0044.9058,11.07,1
0045.0697,11.06,1
0045.2335,11.07,1
0045.3974,11.07,1
0045.5613,11.07,1
0045.7252,11.07,1
0045.8891,11.07,1
0046.0530,11.07,1
0046.2169,11.08,1
0046.3808,11.08,1
0046.5447,11.08,1
0046.7085,11.08,1
0046.8724,11.09,1
0047.0363,11.09,1
0047.2002,11.09,1
0047.3641,11.09,1
0047.5280,11.10,1
0047.6919,11.10,1
0047.8558,11.10,1
0048.0197,11.11,1
0048.1836,11.11,1
0048.3474,11.11,1
0048.5113,11.12,1
0048.6752,11.12,1
0048.8391,11.12,1
0049.0030,11.12,1
0049.1669,11.12,1
0049.3308,11.13,1
0049.4947,11.13,1
0049.6586,11.13,1
0049.8225,11.13,1
0049.9863,11.13,1
0050.1502,11.14,1
0050.3141,11.14,1
0050.4780,11.15,1
0050.6419,11.15,1
0050.8058,11.15,1
0050.9697,11.16,1
0051.1336,11.16,1
0051.2975,11.16,1
0051.4613,11.16,1
0051.6252,11.16,1
0051.7891,11.17,1
0051.9530,11.17,1
0052.1169,11.17,1
0052.2808,11.17,1
0052.4447,11.18,1
0052.6086,11.19,1
0052.7725,11.19,1
0052.9364,11.19,1
0053.1002,11.19,1
0053.2641,11.19,1
0053.4280,11.20,1
0053.5919,11.20,1
0053.7558,11.20,1
0053.9197,11.20,1
0054.0836,11.21,1
0054.2475,11.21,1
0054.4114,11.21,1
0054.5753,11.22,1
0054.7391,11.22,1
0054.9030,11.22,1
0055.0669,11.22,1
0055.2308,11.22,1
0055.3947,11.23,1
0055.5586,11.23,1
0055.7225,11.23,1
0055.8864,11.23,1
0056.0503,11.23,1
0056.2141,11.24,1
0056.3780,11.24,1
0056.5419,11.24,1
0056.7058,11.24,1
0056.8697,11.24,1
0057.0336,11.25,1
0057.1975,11.25,1
0057.3614,11.25,1
0057.5253,11.25,1
0057.6892,11.25,1
0057.8530,11.25,1
0058.0169,11.26,1
0058.1808,11.26,1
0058.3447,11.26,1
0058.5086,11.26,1
0058.6725,11.26,1
0058.8364,11.27,1
0059.0003,11.27,1
0059.1642,11.27,1
0059.3281,11.27,1
0059.4919,11.27,1
0059.6558,11.27,1
0059.8197,11.27,1
0059.9836,11.27,1
0060.1475,11.27,1
0060.3114,11.27,1
0060.4753,11.27,1
0060.6392,11.27,1
0060.8031,11.27,1
0060.9669,11.27,1
0061.1308,11.27,1
0061.2947,11.27,1
0061.4586,11.27,1
0061.6225,11.27,1
0061.7864,11.27,1
0061.9503,11.27,1
0062.1142,11.26,1
0062.2781,11.26,1
0062.4420,11.26,1
0062.6058,11.26,1
0062.7697,11.26,1
0062.9336,11.26,1
0063.0975,11.26,1
0063.2614,11.26,1
0063.4253,11.26,1
0063.5892,11.26,1
0063.7531,11.26,1
0063.9170,11.26,1
0064.0809,11.25,1
0064.2447,11.25,1
0064.4086,11.25,1
0064.5725,11.25,1
0064.7364,11.25,1
0064.9003,11.25,1
0065.0642,11.24,1
0065.2281,11.24,1
0065.3920,11.24,1
0065.5559,11.24,1
0065.7197,11.23,1
0065.8836,11.23,1
0066.0475,11.23,1
0066.2114,11.23,1
0066.3753,11.23,1
0066.5392,11.23,1
0066.7031,11.23,1
0066.8670,11.23,1
0067.0309,11.22,1
0067.1948,11.22,1
0067.3586,11.21,1
0067.5225,11.21,1
0067.6864,11.21,1
0067.8503,11.21,1
0068.0142,11.21,1
0068.1781,11.20,1
0068.3420,11.20,1
0068.5059,11.20,1
0068.6698,11.20,1
0068.8337,11.20,1
0068.9975,11.20,1
0069.1614,11.19,1
0069.3253,11.19,1
0069.4892,11.19,1
0069.6531,11.19,1
0069.8170,11.18,1
0069.9809,11.18,1
0070.1448,11.18,1
0070.3087,11.18,1
0070.4725,11.17,1
0070.6364,11.17,1
0070.8003,11.16,1
0070.9642,11.16,1
0071.1281,11.16,1
0071.2920,11.16,1
0071.4559,11.16,1
0071.6198,11.15,1
0071.7837,11.15,1
0071.9476,11.14,1
0072.1114,11.14,1
0072.2753,11.14,1
0072.4392,11.13,1
0072.6031,11.13,1
0072.7670,11.13,1
0072.9309,11.13,1
0073.0948,11.12,1
0073.2587,11.12,1
0073.4226,11.11,1
0073.5865,11.11,1
0073.7503,11.11,1
0073.9142,11.11,1
0074.0781,11.10,1
0074.2420,11.10,1
0074.4059,11.09,1
0074.5698,11.09,1
0074.7337,11.09,1
0074.8976,11.09,1
0075.0615,11.09,1
0075.2253,11.08,1
0075.3892,11.07,1
0075.5531,11.07,1
0075.7170,11.07,1
0075.8809,11.07,1
0076.0448,11.07,1
0076.2087,11.07,1
0076.3726,11.06,1
0076.5365,11.06,1
0076.7004,11.06,1
0076.8642,11.06,1
0077.0281,11.06,1
0077.1920,11.05,1
0077.3559,11.05,1
0077.5198,11.05,1
0077.6837,11.05,1
0077.8476,11.05,1
0078.0115,11.05,1
0078.1754,11.05,1
0078.3393,11.05,1
0078.5031,11.05,1
0078.6670,11.05,1
0078.8309,11.04,1
0078.9948,11.04,1
0079.1587,11.04,1
0079.3226,11.04,1
0079.4865,11.04,1
0079.6504,11.04,1
0079.8143,11.03,1
0079.9781,11.03,1
0080.1420,11.03,1
0080.3059,11.04,1
0080.4698,11.04,1
0080.6337,11.03,1
0080.7976,11.03,1
0080.9615,11.02,1
0081.1254,11.02,1
0081.2893,11.02,1
0081.4532,11.02,1
0081.6170,11.02,1
0081.7809,11.02,1
0081.9448,11.02,1
0082.1087,11.02,1
0082.2726,11.02,1
0082.4365,11.02,1
0082.6004,11.01,1
0082.7643,11.01,1
0082.9282,11.01,1
0083.0921,11.01,1
0083.2559,11.01,1
0083.4198,11.01,1
0083.5837,11.01,1
0083.7476,11.01,1
0083.9115,11.01,1
0084.0754,11.01,1
0084.2393,11.01,1
0084.4032,11.01,1
0084.5671,11.01,1
0084.7309,11.01,1
0084.8948,11.01,1
0085.0587,11.01,1
0085.2226,11.01,1
0085.3865,11.01,1
0085.5504,11.01,1
0085.7143,11.01,1
0085.8782,11.02,1
0086.0421,11.02,1
0086.2060,11.01,1
0086.3698,11.01,1
0086.5337,11.01,1
0086.6976,11.01,1
0086.8615,11.02,1
0087.0254,11.01,1
0087.1893,11.01,1
0087.3532,11.02,1
0087.5171,11.02,1
0087.6810,11.02,1
0087.8449,11.03,1
0088.0087,11.03,1
0088.1726,11.02,1
0088.3365,11.03,1
0088.5004,11.03,1
0088.6643,11.03,1
0088.8282,11.04,1
0088.9921,11.04,1
0089.1560,11.04,1
0089.3199,11.04,1
0089.4837,11.05,1
0089.6476,11.05,1
0089.8115,11.05,1
0089.9754,11.05,1
0090.1393,11.06,1
0090.3032,11.07,1
0090.4671,11.07,1
0090.6310,11.07,1
0090.7949,11.07,1
0090.9588,11.08,1
0091.1226,11.08,1
0091.2865,11.09,1
0091.4504,11.09,1
0091.6143,11.09,1
0091.7782,11.09,1
0091.9421,11.09,1
0092.1060,11.10,1
0092.2699,11.10,1
0092.4338,11.11,1
0092.5977,11.11,1
0092.7615,11.11,1
0092.9254,11.11,1
0093.0893,11.12,1
0093.2532,11.13,1
0093.4171,11.13,1
0093.5810,11.13,1
0093.7449,11.13,1
0093.9088,11.14,1
0094.0727,11.14,1
0094.2365,11.15,1
0094.4004,11.15,1
0094.5643,11.16,1
0094.7282,11.16,1
0094.8921,11.17,1
0095.0560,11.18,1
0095.2199,11.18,1
0095.3838,11.19,1
0095.5477,11.20,1
0095.7116,11.21,1
0095.8754,11.22,1
0096.0393,11.22,1
0096.2032,11.23,1
0096.3671,11.24,1
0096.5310,11.25,1
0096.6949,11.26,1
0096.8588,11.27,1
0097.0227,11.28,1
0097.1866,11.30,1
0097.3505,11.30,1
0097.5143,11.32,1
0097.6782,11.32,1
0097.8421,11.33,1
0098.0060,11.34,1
0098.1699,11.36,1
0098.3338,11.37,1
0098.4977,11.38,1
0098.6616,11.39,1
0098.8255,11.40,1
0098.9893,11.41,1
0099.1532,11.43,1
0099.3171,11.43,1
0099.4810,11.45,1
0099.6449,11.46,1
0099.8088,11.47,1
0099.9727,11.48,1
0100.1366,11.50,1
0100.3005,11.50,1
0100.4644,11.52,1
0100.6282,11.53,1
0100.7921,11.54,1
0100.9560,11.55,1
0101.1199,11.56,1
0101.2838,11.57,1
0101.4477,11.58,1
0101.6116,11.60,1
0101.7755,11.61,1
0101.9394,11.61,1
0102.1033,11.62,1
0102.2671,11.63,1
0102.4310,11.64,1
0102.5949,11.65,1
0102.7588,11.66,1
0102.9227,11.66,1
0103.0866,11.67,1
0103.2505,11.67,1
0103.4144,11.68,1
0103.5783,11.68,1
0103.7421,11.69,1
0103.9060,11.69,1
0104.0699,11.69,1
0104.2338,11.69,1
0104.3977,11.70,1
0104.5616,11.69,1
0104.7255,11.69,1
0104.8894,11.69,1
0105.0533,11.69,1
0105.2172,11.69,1
0105.3810,11.69,1
0105.5449,11.69,1
0105.7088,11.69,1
0105.8727,11.69,1
0106.0366,11.69,1
0106.2005,11.69,1
0106.3644,11.68,1
0106.5283,11.68,1
0106.6922,11.68,1
0106.8561,11.68,1
0107.0199,11.68,1
0107.1838,11.67,1
0107.3477,11.67,1
0107.5116,11.67,1
0107.6755,11.67,1
0107.8394,11.67,1
0108.0033,11.66,1
0108.1672,11.66,1
0108.3311,11.66,1
0108.4949,11.65,1
0108.6588,11.65,1
0108.8227,11.66,1
0108.9866,11.66,1
0109.1505,11.66,1
0109.3144,11.66,1
0109.4783,11.66,1
0109.6422,11.66,1
0109.8061,11.66,1
0109.9700,11.66,1
0110.1338,11.65,1
0110.2977,11.65,1
0110.4616,11.65,1
0110.6255,11.66,1
0110.7894,11.66,1
0110.9533,11.66,1
0111.1172,11.66,1
0111.2811,11.66,1
0111.4450,11.66,1
0111.6089,11.66,1
0111.7727,11.66,1
0111.9366,11.66,1
0112.1005,11.67,1
0112.2644,11.67,1
0112.4283,11.67,1
0112.5922,11.68,1
0112.7561,11.68,1
0112.9200,11.67,1
0113.0839,11.67,1
0113.2477,11.67,1
0113.4116,11.67,1
0113.5755,11.68,1
0113.7394,11.68,1
0113.9033,11.68,1
0114.0672,11.68,1
0114.2311,11.69,1
0114.3950,11.69,1
0114.5589,11.69,1
0114.7228,11.69,1
0114.8866,11.69,1
0115.0505,11.69,1
0115.2144,11.70,1
0115.3783,11.70,1
0115.5422,11.71,1
0115.7061,11.71,1
0115.8700,11.71,1
0116.0339,11.72,1
0116.1978,11.72,1
0116.3616,11.72,1
0116.5255,11.72,1
0116.6894,11.72,1
0116.8533,11.72,1
0117.0172,11.73,1
0117.1811,11.73,1
0117.3450,11.73,1
0117.5089,11.73,1
0117.6728,11.74,1
0117.8367,11.74,1
0118.0005,11.74,1
0118.1644,11.74,1
0118.3283,11.73,1
0118.4922,11.73,1
0118.6561,11.73,1
0118.8200,11.74,1
0118.9839,11.74,1
0119.1478,11.74,1
0119.3117,11.75,1
0119.4756,11.75,1
0119.6394,11.75,1
0119.8033,11.75,1
0119.9672,11.74,1
0120.1311,11.74,1
0120.2950,11.74,1
0120.4589,11.74,1
0120.6228,11.74,1
0120.7867,11.74,1
0120.9506,11.74,1
0121.1144,11.74,1
0121.2783,11.74,1
0121.4422,11.74,3
0121.6061,11.73,3
0121.7700,11.73,3
0121.9339,11.73,3
0122.0978,11.73,3
0122.2617,11.73,3
0122.4256,11.73,3
0122.5895,11.72,3
0122.7533,11.72,3
0122.9172,11.72,3
0123.0811,11.72,3
0123.2450,11.72,3
0123.4089,11.71,3
0123.5728,11.71,3
0123.7367,11.71,3
0123.9006,11.71,3
0124.0645,11.71,3
0124.2284,11.71,3
0124.3922,11.71,3
0124.5561,11.71,3
0124.7200,11.71,3
0124.8839,11.71,3
0125.0478,11.71,3
0125.2117,11.71,3
0125.3756,11.71,3
0125.5395,11.71,3
0125.7034,11.71,3
0125.8672,11.71,3
0126.0311,11.71,3
0126.1950,11.71,3
0126.3589,11.72,3
0126.5228,11.72,3
0126.6867,11.72,3
0126.8506,11.72,3
0127.0145,11.72,3
0127.1784,11.72,3
0127.3423,11.72,3
0127.5061,11.72,3
0127.6700,11.72,3
0127.8339,11.73,3
0127.9978,11.73,3
0128.1617,11.73,3
0128.3256,11.73,3
0128.4895,11.73,3
0128.6534,11.73,3
0128.8173,11.73,3
0128.9812,11.73,3
0129.1450,11.73,3
0129.3089,11.73,3
0129.4728,11.73,3
0129.6367,11.74,3
0129.8006,11.74,3
0129.9645,11.74,3
0130.1284,11.74,3
0130.2923,11.74,3
0130.4562,11.74,3
0130.6200,11.74,3
0130.7839,11.74,3
0130.9478,11.74,3
0131.1117,11.74,3
0131.2756,11.74,3
0131.4395,11.75,3
0131.6034,11.76,3
0131.7673,11.76,3
0131.9312,11.75,3
0132.0951,11.75,3
0132.2589,11.76,3
0132.4228,11.76,3
0132.5867,11.76,3
0132.7506,11.76,3
0132.9145,11.76,3
0133.0784,11.76,3
0133.2423,11.77,3
0133.4062,11.76,3
0133.5701,11.76,3
0133.7340,11.76,3
0133.8978,11.76,3
0134.0617,11.76,3
0134.2256,11.76,3
0134.3895,11.76,3
0134.5534,11.77,3
0134.7173,11.77,3
0134.8812,11.78,3
0135.0451,11.78,3
0135.2090,11.78,3
0135.3728,11.78,3
0135.5367,11.78,3
0135.7006,11.78,3
0135.8645,11.78,3
0136.0284,11.78,3
0136.1923,11.79,3
0136.3562,11.79,3
0136.5201,11.79,3
0136.6840,11.80,3
0136.8479,11.79,3
0137.0117,11.79,3
0137.1756,11.79,3
0137.3395,11.79,3
0137.5034,11.79,3
0137.6673,11.79,3
0137.8312,11.79,3
0137.9951,11.78,3
0138.1590,11.78,3
0138.3229,11.78,3
0138.4868,11.78,3
0138.6506,11.78,3
0138.8145,11.78,3
0138.9784,11.77,3
0139.1423,11.77,3
0139.3062,11.77,3
0139.4701,11.76,3
0139.6340,11.76,3
0139.7979,11.76,3
0139.9618,11.76,3
0140.1256,11.76,3
0140.2895,11.75,3
0140.4534,11.75,3
0140.6173,11.75,3
0140.7812,11.75,3
0140.9451,11.74,3
0141.1090,11.74,3
0141.2729,11.73,3
0141.4368,11.73,3
0141.6007,11.73,3
0141.7645,11.73,3
0141.9284,11.73,3
0142.0923,11.73,3
0142.2562,11.73,3
0142.4201,11.73,3
0142.5840,11.73,3
0142.7479,11.73,3
0142.9118,11.72,3
0143.0757,11.72,3
0143.2396,11.72,3
0143.4034,11.73,3
0143.5673,11.73,3
0143.7312,11.72,3
0143.8951,11.72,3
0144.0590,11.72,3
0144.2229,11.72,3
0144.3868,11.72,3
0144.5507,11.72,3
0144.7146,11.72,3
0144.8784,11.72,3
0145.0423,11.72,3
0145.2062,11.72,3
0145.3701,11.72,3
0145.5340,11.72,3
0145.6979,11.72,3
0145.8618,11.72,3
0146.0257,11.72,3
0146.1896,11.72,3
0146.3535,11.72,3
0146.5173,11.72,3
0146.6812,11.72,3
0146.8451,11.73,3
0147.0090,11.72,3
0147.1729,11.72,3
0147.3368,11.72,3
0147.5007,11.72,3
0147.6646,11.72,3
0147.8285,11.72,3
0147.9924,11.72,3
0148.1562,11.72,3
0148.3201,11.71,3
0148.4840,11.71,3
0148.6479,11.72,3
0148.8118,11.72,3
0148.9757,11.71,3
0149.1396,11.71,3
0149.3035,11.71,3
0149.4674,11.71,3
0149.6312,11.71,3
0149.7951,11.71,3
0149.9590,11.71,3
0150.1229,11.71,3
0150.2868,11.71,3
0150.4507,11.71,3
0150.6146,11.70,3
0150.7785,11.70,3
0150.9424,11.70,3
0151.1063,11.70,3
0151.2701,11.70,3
0151.4340,11.70,3
0151.5979,11.70,3
0151.7618,11.70,3
0151.9257,11.70,3
0152.0896,11.70,3
0152.2535,11.70,3
0152.4174,11.70,3
0152.5813,11.69,3
0152.7452,11.69,3
0152.9090,11.69,3
0153.0729,11.69,3
0153.2368,11.69,3
0153.4007,11.68,3
0153.5646,11.68,3
0153.7285,11.68,3
0153.8924,11.68,3
0154.0563,11.67,3
0154.2202,11.67,3
0154.3840,11.66,3
0154.5479,11.66,3
0154.7118,11.66,3
0154.8757,11.66,3
0155.0396,11.66,1
0155.2035,11.66,1
0155.3674,11.66,1
0155.5313,11.65,1
0155.6952,11.65,1
0155.8591,11.65,1
0156.0229,11.65,1
0156.1868,11.65,1
0156.3507,11.65,1
0156.5146,11.64,1
0156.6785,11.64,1
0156.8424,11.64,1
0157.0063,11.64,1
0157.1702,11.64,1
0157.3341,11.64,1
0157.4980,11.63,1
0157.6618,11.63,1
0157.8257,11.64,1
0157.9896,11.64,1
0158.1535,11.64,1
0158.3174,11.64,1
0158.4813,11.63,1
0158.6452,11.63,1
0158.8091,11.63,1
0158.9730,11.64,1
0159.1368,11.63,1
0159.3007,11.63,1
0159.4646,11.63,1
0159.6285,11.63,1
0159.7924,11.63,1
0159.9563,11.63,1
0160.1202,11.63,1
0160.2841,11.63,1
0160.4480,11.63,1
0160.6119,11.63,1
0160.7757,11.63,1
0160.9396,11.63,1
0161.1035,11.63,1
0161.2674,11.63,1
0161.4313,11.63,1
0161.5952,11.63,1
0161.7591,11.63,1
0161.9230,11.63,1
0162.0869,11.63,1
0162.2508,11.63,1
0162.4146,11.63,1
0162.5785,11.63,1
0162.7424,11.63,1
0162.9063,11.63,1
0163.0702,11.63,1
0163.2341,11.63,1
0163.3980,11.63,1
0163.5619,11.63,1
0163.7258,11.62,1
0163.8896,11.62,1
0164.0535,11.62,1
0164.2174,11.62,1
0164.3813,11.61,1
0164.5452,11.61,1
0164.7091,11.61,1
0164.8730,11.61,1
0165.0369,11.61,1
0165.2008,11.61,1
0165.3647,11.61,1
0165.5285,11.61,1
0165.6924,11.61,1
0165.8563,11.61,1
0166.0202,11.60,1
0166.1841,11.60,1
0166.3480,11.60,1
0166.5119,11.60,1
0166.6758,11.60,1
0166.8397,11.60,1
0167.0036,11.60,1
0167.1674,11.60,1
0167.3313,11.60,1
0167.4952,11.60,1
0167.6591,11.59,1
0167.8230,11.59,1
0167.9869,11.59,1
0168.1508,11.59,1
0168.3147,11.59,1
0168.4786,11.59,1
0168.6424,11.59,1
0168.8063,11.59,1
0168.9702,11.59,1
0169.1341,11.59,1
0169.2980,11.58,1
0169.4619,11.58,1
0169.6258,11.57,1
0169.7897,11.57,1
0169.9536,11.57,1
0170.1175,11.57,1
0170.2813,11.57,1
0170.4452,11.57,1
0170.6091,11.57,1
0170.7730,11.57,1
0170.9369,11.57,1
0171.1008,11.57,1
0171.2647,11.57,1
0171.4286,11.56,1
0171.5925,11.56,1
0171.7564,11.56,1
0171.9202,11.56,1
0172.0841,11.57,1
0172.2480,11.57,1
0172.4119,11.57,1
0172.5758,11.57,1
0172.7397,11.57,1
0172.9036,11.57,1
0173.0675,11.57,1
0173.2314,11.56,1
0173.3952,11.57,1
0173.5591,11.57,1
0173.7230,11.57,1
0173.8869,11.57,1
0174.0508,11.57,1
0174.2147,11.57,1
0174.3786,11.57,1
0174.5425,11.57,1
0174.7064,11.57,1
0174.8703,11.56,1
0175.0341,11.57,1
0175.1980,11.57,1
0175.3619,11.57,1
0175.5258,11.57,1
0175.6897,11.57,1
0175.8536,11.57,1
0176.0175,11.57,1
0176.1814,11.57,1
0176.3453,11.57,1
0176.5092,11.57,1
0176.6730,11.57,1
0176.8369,11.57,1
0177.0008,11.57,1
0177.1647,11.57,1
0177.3286,11.57,1
0177.4925,11.57,1
0177.6564,11.57,1
0177.8203,11.58,1
0177.9842,11.58,1
0178.1480,11.58,1
0178.3119,11.58,1
0178.4758,11.58,1
0178.6397,11.58,1
0178.8036,11.58,1
0178.9675,11.59,1
0179.1314,11.59,1
0179.2953,11.58,1
0179.4592,11.58,1
0179.6231,11.59,1
0179.7869,11.59,1
0179.9508,11.59,1
0180.1147,11.59,1
0180.2786,11.59,1
0180.4425,11.59,1
0180.6064,11.59,1
0180.7703,11.60,1
0180.9342,11.60,1
0181.0981,11.60,1
0181.2620,11.60,1
0181.4258,11.60,1
0181.5897,11.60,1
0181.7536,11.61,1
0181.9175,11.61,1
0182.0814,11.61,1
0182.2453,11.61,1
0182.4092,11.62,1
0182.5731,11.62,1
0182.7370,11.62,1
0182.9008,11.62,1
0183.0647,11.62,1
0183.2286,11.62,1
0183.3925,11.62,1
0183.5564,11.62,1
0183.7203,11.63,1
0183.8842,11.63,1
0184.0481,11.63,3
0184.2120,11.63,3
0184.3759,11.63,3
0184.5397,11.63,3
0184.7036,11.63,3
0184.8675,11.63,3
0185.0314,11.63,3
0185.1953,11.63,3
0185.3592,11.63,3
0185.5231,11.63,3
0185.6870,11.63,3
0185.8509,11.63,3
0186.0148,11.63,3
0186.1786,11.63,3
0186.3425,11.63,3
0186.5064,11.63,3
0186.6703,11.63,3
0186.8342,11.63,3
0186.9981,11.63,3
0187.1620,11.63,3
0187.3259,11.63,3
0187.4898,11.63,3
0187.6536,11.63,3
0187.8175,11.63,3
0187.9814,11.63,3
0188.1453,11.63,3
0188.3092,11.63,3
0188.4731,11.63,3
0188.6370,11.63,3
0188.8009,11.63,3
0188.9648,11.63,3
0189.1287,11.63,3
0189.2925,11.62,3
0189.4564,11.62,3
0189.6203,11.61,3
0189.7842,11.61,3
0189.9481,11.61,3
0190.1120,11.61,3
0190.2759,11.60,3
0190.4398,11.60,3
0190.6037,11.60,3
0190.7675,11.60,3
0190.9314,11.60,3
0191.0953,11.60,3
0191.2592,11.59,3
0191.4231,11.59,3
0191.5870,11.59,3
0191.7509,11.59,3
0191.9148,11.58,3
0192.0787,11.58,3
0192.2426,11.58,3
0192.4064,11.58,3
0192.5703,11.58,3
0192.7342,11.57,3
0192.8981,11.57,3
0193.0620,11.57,3
0193.2259,11.56,3
0193.3898,11.56,3
0193.5537,11.56,3
0193.7176,11.56,3
0193.8815,11.55,3
0194.0453,11.56,3
0194.2092,11.55,3
0194.3731,11.55,3
0194.5370,11.55,3
0194.7009,11.54,3
0194.8648,11.54,3
0195.0287,11.54,3
0195.1926,11.53,3
0195.3565,11.53,3
0195.5203,11.52,3
0195.6842,11.52,3
0195.8481,11.52,3
0196.0120,11.52,3
0196.1759,11.52,3
0196.3398,11.52,3
0196.5037,11.51,3
0196.6676,11.51,3
0196.8315,11.51,3
0196.9954,11.51,3
0197.1592,11.50,3
0197.3231,11.50,3
0197.4870,11.50,3
0197.6509,11.50,3
0197.8148,11.50,3
0197.9787,11.50,3
0198.1426,11.50,3
0198.3065,11.50,3
0198.4704,11.50,3
0198.6343,11.50,3
0198.7981,11.50,3
0198.9620,11.49,3
0199.1259,11.49,3
0199.2898,11.49,3
0199.4537,11.49,3
0199.6176,11.49,3
0199.7815,11.49,3
0199.9454,11.49,3
0200.1093,11.48,3
0200.2731,11.49,3
0200.4370,11.49,3
0200.6009,11.48,3
0200.7648,11.48,3
0200.9287,11.48,3
0201.0926,11.48,3
0201.2565,11.48,3
0201.4204,11.48,3
0201.5843,11.48,3
0201.7482,11.48,3
0201.9120,11.48,3
0202.0759,11.48,3
0202.2398,11.48,3
0202.4037,11.48,3
0202.5676,11.47,3
0202.7315,11.47,3
0202.8954,11.47,3
0203.0593,11.47,3
0203.2232,11.47,3
0203.3871,11.47,3
0203.5509,11.47,3
0203.7148,11.47,3
0203.8787,11.47,3
0204.0426,11.46,3
0204.2065,11.46,3
0204.3704,11.46,3
0204.5343,11.46,3
0204.6982,11.46,3
0204.8621,11.45,3
0205.0259,11.45,3
0205.1898,11.45,3
0205.3537,11.44,3
0205.5176,11.44,3
0205.6815,11.44,3
0205.8454,11.43,3
0206.0093,11.43,3
0206.1732,11.42,3
0206.3371,11.42,3
0206.5010,11.42,3
0206.6648,11.41,3
0206.8287,11.41,3
0206.9926,11.40,3
0207.1565,11.39,3
0207.3204,11.39,3
0207.4843,11.38,3
0207.6482,11.38,3
0207.8121,11.37,3
0207.9760,11.37,3
0208.1399,11.36,3
0208.3037,11.36,3
0208.4676,11.35,3
0208.6315,11.35,3
0208.7954,11.34,3
0208.9593,11.33,3
0209.1232,11.33,3
0209.2871,11.32,3
0209.4510,11.31,3
0209.6149,11.31,3
0209.7787,11.30,3
0209.9426,11.30,3
0210.1065,11.29,3
0210.2704,11.28,3
0210.4343,11.27,3
0210.5982,11.27,3
0210.7621,11.26,3
0210.9260,11.25,3
0211.0899,11.24,3
0211.2538,11.23,3
0211.4176,11.22,3
0211.5815,11.22,3
0211.7454,11.21,3
0211.9093,11.21,3
0212.0732,11.20,3
0212.2371,11.19,3
0212.4010,11.18,3
0212.5649,11.18,3
0212.7288,11.17,3
0212.8927,11.16,3
0213.0565,11.15,3
0213.2204,11.14,3
0213.3843,11.14,3
0213.5482,11.13,3
0213.7121,11.13,3
0213.8760,11.12,3
0214.0399,11.11,3
0214.2038,11.11,3
0214.3677,11.10,3
0214.5315,11.09,1
0214.6954,11.08,1
0214.8593,11.08,1
0215.0232,11.07,1
0215.1871,11.07,1
0215.3510,11.06,1
0215.5149,11.06,1
0215.6788,11.05,1
0215.8427,11.04,1
0216.0066,11.03,1
0216.1704,11.02,1
0216.3343,11.02,1
0216.4982,11.01,1
0216.6621,11.00,1
0216.8260,10.99,1
0216.9899,10.98,1
0217.1538,10.98,1
0217.3177,10.97,1
0217.4816,10.96,1
0217.6455,10.95,1
0217.8093,10.94,1
0217.9732,10.93,1
0218.1371,10.93,1
0218.3010,10.91,1
0218.4649,10.91,1
0218.6288,10.90,1
0218.7927,10.90,1
0218.9566,10.89,1
0219.1205,10.89,1
0219.2843,10.88,1
0219.4482,10.87,1
0219.6121,10.86,1
0219.7760,10.86,1
0219.9399,10.84,1
0220.1038,10.84,1
0220.2677,10.82,1
0220.4316,10.82,1
0220.5955,10.82,1
0220.7594,10.81,1
0220.9232,10.81,1
0221.0871,10.80,1
0221.2510,10.79,1
0221.4149,10.78,1
0221.5788,10.77,1
0221.7427,10.77,1
0221.9066,10.76,1
0222.0705,10.75,1
0222.2344,10.74,1
0222.3983,10.74,1
0222.5621,10.74,1
0222.7260,10.74,1
0222.8899,10.73,1
0223.0538,10.73,1
0223.2177,10.73,1
0223.3816,10.71,1
0223.5455,10.71,1
0223.7094,10.70,1
0223.8733,10.70,1
0224.0371,10.69,1
0224.2010,10.69,1
0224.3649,10.69,1
0224.5288,10.68,1
0224.6927,10.68,1
0224.8566,10.68,1
0225.0205,10.68,1
0225.1844,10.67,1
0225.3483,10.67,1
0225.5122,10.67,1
0225.6760,10.66,1
0225.8399,10.66,1
0226.0038,10.66,1
0226.1677,10.66,1
0226.3316,10.66,1
0226.4955,10.66,1
0226.6594,10.66,1
0226.8233,10.66,1
0226.9872,10.65,1
0227.1511,10.65,1
0227.3149,10.64,1
0227.4788,10.64,1
0227.6427,10.64,1
0227.8066,10.64,1
0227.9705,10.64,1
0228.1344,10.64,1
0228.2983,10.64,1
0228.4622,10.65,1
0228.6261,10.65,1
0228.7899,10.65,1
0228.9538,10.65,1
0229.1177,10.65,1
0229.2816,10.64,1
0229.4455,10.65,1
0229.6094,10.65,1
0229.7733,10.65,1
0229.9372,10.65,1
0230.1011,10.65,1
0230.2650,10.66,1
0230.4288,10.66,1
0230.5927,10.66,1
0230.7566,10.66,1
0230.9205,10.66,1
0231.0844,10.66,1
0231.2483,10.67,1
0231.4122,10.67,1
0231.5761,10.68,1
0231.7400,10.68,1
0231.9039,10.68,1
0232.0677,10.69,1
0232.2316,10.69,1
0232.3955,10.69,1
0232.5594,10.69,1
0232.7233,10.69,1
0232.8872,10.69,1
0233.0511,10.70,1
0233.2150,10.70,1
0233.3789,10.70,1
0233.5427,10.71,1
0233.7066,10.71,1
0233.8705,10.72,1
0234.0344,10.72,1
0234.1983,10.72,1
0234.3622,10.72,1
0234.5261,10.72,1
0234.6900,10.72,1
0234.8539,10.72,1
0235.0178,10.73,1
0235.1816,10.73,1
0235.3455,10.73,1
0235.5094,10.74,1
0235.6733,10.74,1
0235.8372,10.74,1
0236.0011,10.75,1
0236.1650,10.75,1
0236.3289,10.74,1
0236.4928,10.74,1
0236.6567,10.75,1
0236.8205,10.75,1
0236.9844,10.76,1
0237.1483,10.76,1
0237.3122,10.76,1
0237.4761,10.76,1
0237.6400,10.77,1
0237.8039,10.77,1
0237.9678,10.77,1
0238.1317,10.77,1
0238.2955,10.76,1
0238.4594,10.77,1
0238.6233,10.77,1
0238.7872,10.78,1
0238.9511,10.78,1
0239.1150,10.78,1
0239.2789,10.78,1
0239.4428,10.78,1
0239.6067,10.79,1
0239.7706,10.79,1
0239.9344,10.79,1
0240.0983,10.79,1
0240.2622,10.79,1
0240.4261,10.79,1
0240.5900,10.80,1
0240.7539,10.80,1
0240.9178,10.80,1
0241.0817,10.81,1
0241.2456,10.81,1
0241.4095,10.81,1
0241.5733,10.82,1
0241.7372,10.82,1
0241.9011,10.82,1
0242.0650,10.82,1
0242.2289,10.83,1
0242.3928,10.84,1
0242.5567,10.84,1
0242.7206,10.85,1
0242.8845,10.85,1
0243.0483,10.86,1
0243.2122,10.86,1
0243.3761,10.87,1
0243.5400,10.87,1
0243.7039,10.87,1
0243.8678,10.87,1
0244.0317,10.87,1
0244.1956,10.88,1
0244.3595,10.89,1
0244.5234,10.89,1
0244.6872,10.90,1
0244.8511,10.90,1
0245.0150,10.91,1
0245.1789,10.91,1
0245.3428,10.92,1
0245.5067,10.92,1
0245.6706,10.92,1
0245.8345,10.92,1
0245.9984,10.93,1
0246.1623,10.93,1
0246.3261,10.94,1
0246.4900,10.94,1
0246.6539,10.94,1
0246.8178,10.95,1
0246.9817,10.95,1
0247.1456,10.95,1
0247.3095,10.95,1
0247.4734,10.95,1
0247.6373,10.95,1
0247.8011,10.96,1
0247.9650,10.96,1
0248.1289,10.97,1
0248.2928,10.97,1
0248.4567,10.97,1
0248.6206,10.98,1
0248.7845,10.98,1
0248.9484,10.98,1
0249.1123,10.98,1
0249.2762,10.97,1
0249.4400,10.97,1
0249.6039,10.97,1
0249.7678,10.98,1
0249.9317,10.98,1
0250.0956,10.98,1
0250.2595,10.98,1
0250.4234,10.98,1
0250.5873,10.99,1
0250.7512,10.99,1
0250.9151,10.98,1
0251.0789,10.98,1
0251.2428,10.97,1
0251.4067,10.97,1
0251.5706,10.97,1
0251.7345,10.97,1
0251.8984,10.97,1
0252.0623,10.97,1
0252.2262,10.97,1
0252.3901,10.97,1
0252.5539,10.97,1
0252.7178,10.97,1
0252.8817,10.96,1
0253.0456,10.96,1
0253.2095,10.96,1
0253.3734,10.95,1
0253.5373,10.95,1
0253.7012,10.95,1
0253.8651,10.95,1
0254.0290,10.96,1
0254.1928,10.96,1
0254.3567,10.95,1
0254.5206,10.95,1
0254.6845,10.95,1
0254.8484,10.95,1
0255.0123,10.95,1
0255.1762,10.94,1
0255.3401,10.94,1
0255.5040,10.94,1
0255.6679,10.95,1
0255.8317,10.95,1
0255.9956,10.95,1
0256.1595,10.95,1
0256.3234,10.95,1
0256.4873,10.96,1
0256.6512,10.96,1
0256.8151,10.96,1
0256.9790,10.96,1
0257.1429,10.96,1
0257.3067,10.97,1
0257.4706,10.97,1
0257.6345,10.98,1
0257.7984,10.98,1
0257.9623,10.98,1
0258.1262,10.99,1
0258.2901,10.99,1
0258.4540,11.00,1
0258.6179,11.00,1
0258.7818,11.01,1
0258.9456,11.01,1
0259.1095,11.02,1
0259.2734,11.02,1
0259.4373,11.03,1
0259.6012,11.04,1
0259.7651,11.05,1
0259.9290,11.05,1
0260.0929,11.06,1
0260.2568,11.06,1
0260.4207,11.07,1
0260.5845,11.08,1
0260.7484,11.08,1
0260.9123,11.08,1
0261.0762,11.09,1
0261.2401,11.09,1
0261.4040,11.10,1
0261.5679,11.11,1
0261.7318,11.11,1
0261.8957,11.12,1
0262.0595,11.13,1
0262.2234,11.13,1
0262.3873,11.14,1
0262.5512,11.14,1
0262.7151,11.14,1
0262.8790,11.15,1
0263.0429,11.15,1
0263.2068,11.16,1
0263.3707,11.16,1
0263.5346,11.17,1
0263.6984,11.17,1
0263.8623,11.18,1
0264.0262,11.18,1
0264.1901,11.19,1
0264.3540,11.19,1
0264.5179,11.19,1
0264.6818,11.20,1
0264.8457,11.20,1
0265.0096,11.21,1
0265.1734,11.21,1
0265.3373,11.21,1
0265.5012,11.22,1
0265.6651,11.22,1
0265.8290,11.23,1
0265.9929,11.23,1
0266.1568,11.23,1
0266.3207,11.23,1
0266.4846,11.24,1
0266.6485,11.24,1
0266.8123,11.24,1
0266.9762,11.25,1
0267.1401,11.25,1
0267.3040,11.25,1
0267.4679,11.25,1
0267.6318,11.26,1
0267.7957,11.26,1
0267.9596,11.26,1
0268.1235,11.26,1
0268.2874,11.26,1
0268.4512,11.27,1
0268.6151,11.27,1
0268.7790,11.27,1
0268.9429,11.28,1
0269.1068,11.28,1
0269.2707,11.29,1
0269.4346,11.29,1
0269.5985,11.29,1
0269.7624,11.30,1
0269.9262,11.30,1
0270.0901,11.30,1
0270.2540,11.30,1
0270.4179,11.31,1
0270.5818,11.31,1
0270.7457,11.31,1
0270.9096,11.31,1
0271.0735,11.31,1
0271.2374,11.32,1
0271.4013,11.32,1
0271.5651,11.32,1
0271.7290,11.32,1
0271.8929,11.32,1
0272.0568,11.32,1
0272.2207,11.33,1
0272.3846,11.33,1
0272.5485,11.34,1
0272.7124,11.34,1
0272.8763,11.34,1
0273.0402,11.34,1
0273.2040,11.34,1
0273.3679,11.34,1
0273.5318,11.34,1
0273.6957,11.33,1
0273.8596,11.33,1
0274.0235,11.34,1
0274.1874,11.34,1
0274.3513,11.34,1
0274.5152,11.34,1
0274.6790,11.34,1
0274.8429,11.34,1
0275.0068,11.34,1
0275.1707,11.34,1
0275.3346,11.33,1
0275.4985,11.33,1
0275.6624,11.33,1
0275.8263,11.33,1
0275.9902,11.33,1
0276.1541,11.33,1
0276.3179,11.33,1
0276.4818,11.32,1
0276.6457,11.32,1
0276.8096,11.32,1
0276.9735,11.31,1
0277.1374,11.31,1
0277.3013,11.30,1
0277.4652,11.30,1
0277.6291,11.31,1
0277.7930,11.31,1
0277.9568,11.30,1
0278.1207,11.30,1
0278.2846,11.30,1
0278.4485,11.30,1
0278.6124,11.29,1
0278.7763,11.29,1
0278.9402,11.29,1
0279.1041,11.28,1
0279.2680,11.28,1
0279.4318,11.29,1
0279.5957,11.29,1
0279.7596,11.29,1
0279.9235,11.28,1
0280.0874,11.28,1
0280.2513,11.28,1
0280.4152,11.28,1
0280.5791,11.27,1
0280.7430,11.27,1
0280.9069,11.27,1
0281.0707,11.27,1
0281.2346,11.27,1
0281.3985,11.27,1
0281.5624,11.26,1
0281.7263,11.26,1
0281.8902,11.26,1
0282.0541,11.25,1
0282.2180,11.25,1
0282.3819,11.25,1
0282.5458,11.25,1
0282.7096,11.24,1
0282.8735,11.24,1
0283.0374,11.25,1
0283.2013,11.25,1
0283.3652,11.24,1
0283.5291,11.24,1
0283.6930,11.23,1
0283.8569,11.23,1
0284.0208,11.23,1
0284.1846,11.23,1
0284.3485,11.22,1
0284.5124,11.22,1
0284.6763,11.22,1
0284.8402,11.22,1
0285.0041,11.22,1
0285.1680,11.21,1
0285.3319,11.21,1
0285.4958,11.20,1
0285.6597,11.20,1
0285.8235,11.20,1
0285.9874,11.20,1
0286.1513,11.19,1
0286.3152,11.19,1
0286.4791,11.19,1
0286.6430,11.19,1
0286.8069,11.18,1
0286.9708,11.18,1
0287.1347,11.17,1
0287.2986,11.17,1
0287.4624,11.16,1
0287.6263,11.16,1
0287.7902,11.16,1
0287.9541,11.15,1
0288.1180,11.15,1
0288.2819,11.15,1
0288.4458,11.15,1
0288.6097,11.14,1
0288.7736,11.14,1
0288.9374,11.14,1
0289.1013,11.13,1
0289.2652,11.13,1
0289.4291,11.13,1
0289.5930,11.13,1
0289.7569,11.12,1
0289.9208,11.12,1
0290.0847,11.12,1
0290.2486,11.12,1
0290.4125,11.12,1
0290.5763,11.12,1
0290.7402,11.12,1
0290.9041,11.11,1
0291.0680,11.11,1
0291.2319,11.11,1
0291.3958,11.11,1
0291.5597,11.11,1
0291.7236,11.11,1
0291.8875,11.10,1
0292.0514,11.10,1
0292.2152,11.11,1
0292.3791,11.11,1
0292.5430,11.11,1
0292.7069,11.10,1
0292.8708,11.10,1
0293.0347,11.10,1
0293.1986,11.10,1
0293.3625,11.10,1
0293.5264,11.10,1
0293.6902,11.10,1
0293.8541,11.10,1
0294.0180,11.10,1
0294.1819,11.10,1
0294.3458,11.10,1
0294.5097,11.10,1
0294.6736,11.10,1
0294.8375,11.10,1
0295.0014,11.10,1
0295.1653,11.10,1
0295.3291,11.10,1
0295.4930,11.10,1
0295.6569,11.10,1
0295.8208,11.10,1
0295.9847,11.10,1
0296.1486,11.10,1
0296.3125,11.10,1
0296.4764,11.10,1
0296.6403,11.10,1
0296.8042,11.11,1
0296.9680,11.11,1
0297.1319,11.11,1
0297.2958,11.10,1
0297.4597,11.10,1
0297.6236,11.10,1
0297.7875,11.10,1
0297.9514,11.10,1
0298.1153,11.10,1
0298.2792,11.10,1
0298.4430,11.10,1
0298.6069,11.10,1
0298.7708,11.10,1
0298.9347,11.10,1
0299.0986,11.10,1
0299.2625,11.10,1
0299.4264,11.10,1
0299.5903,11.10,1
0299.7542,11.10,1
0299.9181,11.10,1
0300.0819,11.10,1
0300.2458,11.10,1
0300.4097,11.10,1
0300.5736,11.11,1
0300.7375,11.11,1
0300.9014,11.11,1
0301.0653,11.11,1
0301.2292,11.10,1
0301.3931,11.10,1
0301.5570,11.10,1
0301.7208,11.10,1
0301.8847,11.10,1
0302.0486,11.10,1
0302.2125,11.10,1
0302.3764,11.10,1
0302.5403,11.10,1
0302.7042,11.10,1
0302.8681,11.10,1
0303.0320,11.09,1
0303.1958,11.09,1
0303.3597,11.09,1
0303.5236,11.08,1
0303.6875,11.08,1
0303.8514,11.08,1
0304.0153,11.08,1
0304.1792,11.07,1
0304.3431,11.07,1
0304.5070,11.07,1
0304.6709,11.06,1
0304.8347,11.06,1
0304.9986,11.05,1
0305.1625,11.05,1
0305.3264,11.05,1
0305.4903,11.04,1
0305.6542,11.04,1
0305.8181,11.04,1
0305.9820,11.03,1
0306.1459,11.03,1
0306.3098,11.03,1
0306.4736,11.02,1
0306.6375,11.02,1
0306.8014,11.01,1
0306.9653,11.01,1
0307.1292,11.00,1
0307.2931,11.00,1
0307.4570,10.99,1
0307.6209,10.99,1
0307.7848,10.99,1
0307.9486,10.98,1
0308.1125,10.98,1
0308.2764,10.97,1
0308.4403,10.97,1
0308.6042,10.96,1
0308.7681,10.96,1
0308.9320,10.95,1
0309.0959,10.94,1
0309.2598,10.93,1
0309.4237,10.93,1
0309.5875,10.92,1
0309.7514,10.92,1
0309.9153,10.91,1
0310.0792,10.90,1
0310.2431,10.90,1
0310.4070,10.89,1
0310.5709,10.88,1
0310.7348,10.88,1
0310.8987,10.86,1
0311.0626,10.85,1
0311.2264,10.84,1
0311.3903,10.84,1
0311.5542,10.83,1
0311.7181,10.82,1
0311.8820,10.81,1
0312.0459,10.81,1
0312.2098,10.79,1
0312.3737,10.79,1
0312.5376,10.78,1
0312.7014,10.77,1
0312.8653,10.75,1
0313.0292,10.75,1
0313.1931,10.73,1
0313.3570,10.73,1
0313.5209,10.72,1
0313.6848,10.71,1
0313.8487,10.70,1
0314.0126,10.69,1
0314.1765,10.68,1
0314.3403,10.67,1
0314.5042,10.65,1
0314.6681,10.64,1
0314.8320,10.62,1
0314.9959,10.62,1
0315.1598,10.61,1
0315.3237,10.60,1
0315.4876,10.59,1
0315.6515,10.58,1
0315.8154,10.57,1
0315.9792,10.56,1
0316.1431,10.55,1
0316.3070,10.54,1
0316.4709,10.52,1
0316.6348,10.52,1
0316.7987,10.50,1
0316.9626,10.50,1
0317.1265,10.49,1
0317.2904,10.48,1
0317.4542,10.47,1
0317.6181,10.46,1
0317.7820,10.45,1
0317.9459,10.44,1
0318.1098,10.43,1
0318.2737,10.42,1
0318.4376,10.41,1
0318.6015,10.40,1
0318.7654,10.39,1
0318.9293,10.38,1
0319.0931,10.38,1
0319.2570,10.37,1
0319.4209,10.36,1
0319.5848,10.35,1
0319.7487,10.34,1
0319.9126,10.33,1
0320.0765,10.32,1
0320.2404,10.31,1
0320.4043,10.30,1
0320.5682,10.29,1
0320.7320,10.28,1
0320.8959,10.28,1
0321.0598,10.27,1
0321.2237,10.26,1
0321.3876,10.25,1
0321.5515,10.25,1
0321.7154,10.24,1
0321.8793,10.23,1
0322.0432,10.22,1
0322.2070,10.21,1
0322.3709,10.20,1
0322.5348,10.20,1
0322.6987,10.19,1
0322.8626,10.18,1
0323.0265,10.18,1
0323.1904,10.17,1
0323.3543,10.16,1
0323.5182,10.15,1
0323.6821,10.14,1
0323.8459,10.14,1
0324.0098,10.13,1
0324.1737,10.12,1
0324.3376,10.11,1
0324.5015,10.11,1
0324.6654,10.10,1
0324.8293,10.09,1
0324.9932,10.08,1
0325.1571,10.08,1
0325.3210,10.07,1
0325.4848,10.06,1
0325.6487,10.05,1
0325.8126,10.04,1
0325.9765,10.04,1
0326.1404,10.03,1
0326.3043,10.02,1
0326.4682,10.02,1
0326.6321,10.01,1
0326.7960,10.00,1
0326.9598,09.99,1
0327.1237,09.99,1
0327.2876,09.98,1
0327.4515,09.98,1
0327.6154,09.97,1
0327.7793,09.96,1
0327.9432,09.96,1
0328.1071,09.95,1
0328.2710,09.94,1
0328.4349,09.94,1
0328.5987,09.93,1
0328.7626,09.92,1
0328.9265,09.92,1
0329.0904,09.91,3
0329.2543,09.90,3
0329.4182,09.90,3
0329.5821,09.89,3
0329.7460,09.89,3
0329.9099,09.89,3
0330.0738,09.88,3
0330.2376,09.87,3
0330.4015,09.87,3
0330.5654,09.86,3
0330.7293,09.86,3
0330.8932,09.85,3
0331.0571,09.85,3
0331.2210,09.84,3
0331.3849,09.84,3
0331.5488,09.83,3
0331.7126,09.83,3
0331.8765,09.82,3
0332.0404,09.82,3
0332.2043,09.82,3
0332.3682,09.81,3
0332.5321,09.81,3
0332.6960,09.80,3
0332.8599,09.80,3
0333.0238,09.80,3
0333.1877,09.79,3
0333.3515,09.79,3
0333.5154,09.79,3
0333.6793,09.79,3
0333.8432,09.78,3
0334.0071,09.78,3
0334.1710,09.78,3
0334.3349,09.78,3
0334.4988,09.78,3
0334.6627,09.77,3
0334.8266,09.77,3
0334.9904,09.76,3
0335.1543,09.76,3
0335.3182,09.76,3
0335.4821,09.76,3
0335.6460,09.76,3
0335.8099,09.76,3
0335.9738,09.76,3
0336.1377,09.76,3
0336.3016,09.76,3
0336.4654,09.75,3
0336.6293,09.75,3
0336.7932,09.75,3
0336.9571,09.74,3
0337.1210,09.74,3
0337.2849,09.74,3
0337.4488,09.74,3
0337.6127,09.74,3
0337.7766,09.74,3
0337.9405,09.74,3
0338.1043,09.74,3
0338.2682,09.74,3
0338.4321,09.73,3
0338.5960,09.73,3
0338.7599,09.73,3
0338.9238,09.73,3
0339.0877,09.73,3
0339.2516,09.73,3
0339.4155,09.73,3
0339.5793,09.73,3
0339.7432,09.73,3
0339.9071,09.73,3
0340.0710,09.73,3
0340.2349,09.73,3
0340.3988,09.73,3
0340.5627,09.73,3
0340.7266,09.73,3
0340.8905,09.73,3
0341.0544,09.73,3
0341.2182,09.73,3
0341.3821,09.73,3
0341.5460,09.72,3
0341.7099,09.73,3
0341.8738,09.73,3
0342.0377,09.73,3
0342.2016,09.73,3
0342.3655,09.73,3
0342.5294,09.73,3
0342.6933,09.73,3
0342.8571,09.73,3
0343.0210,09.73,3
0343.1849,09.73,3
0343.3488,09.73,3
0343.5127,09.73,3
0343.6766,09.73,3
0343.8405,09.73,3
0344.0044,09.73,3
0344.1683,09.74,3
0344.3321,09.74,3
0344.4960,09.74,3
0344.6599,09.74,3
0344.8238,09.74,3
0344.9877,09.74,3
0345.1516,09.74,3
0345.3155,09.74,3
0345.4794,09.74,3
0345.6433,09.74,3
0345.8072,09.74,3
0345.9710,09.74,3
0346.1349,09.74,3
0346.2988,09.74,3
0346.4627,09.74,3
0346.6266,09.74,3
0346.7905,09.74,3
0346.9544,09.74,3
0347.1183,09.74,3
0347.2822,09.74,3
0347.4461,09.74,3
0347.6099,09.74,3
0347.7738,09.74,3
0347.9377,09.74,3
0348.1016,09.74,3
0348.2655,09.75,3
0348.4294,09.75,3
0348.5933,09.75,3
0348.7572,09.75,3
0348.9211,09.75,3
0349.0849,09.75,3
0349.2488,09.75,3
0349.4127,09.75,3
0349.5766,09.75,3
0349.7405,09.75,3
0349.9044,09.75,3
0350.0683,09.76,3
0350.2322,09.76,3
0350.3961,09.76,3
0350.5600,09.76,3
0350.7238,09.75,3
0350.8877,09.75,3
0351.0516,09.75,3
0351.2155,09.75,3
0351.3794,09.75,3
0351.5433,09.75,3
0351.7072,09.76,3
0351.8711,09.76,3
0352.0350,09.76,3
0352.1989,09.76,3
0352.3627,09.76,3
0352.5266,09.76,3
0352.6905,09.76,3
0352.8544,09.76,3
0353.0183,09.77,3
0353.1822,09.77,3
0353.3461,09.77,3
0353.5100,09.77,3
0353.6739,09.77,3
0353.8377,09.77,3
0354.0016,09.78,3
0354.1655,09.78,3
0354.3294,09.78,3
0354.4933,09.78,3
0354.6572,09.78,3
0354.8211,09.79,3
0354.9850,09.79,3
0355.1489,09.79,3
0355.3128,09.79,3
0355.4766,09.79,3
0355.6405,09.79,3
0355.8044,09.79,3
0355.9683,09.79,3
0356.1322,09.80,3
0356.2961,09.80,3
0356.4600,09.80,3
0356.6239,09.80,3
0356.7878,09.80,3
0356.9517,09.80,3
0357.1155,09.80,3
0357.2794,09.81,3
0357.4433,09.81,3
0357.6072,09.81,3
0357.7711,09.81,3
0357.9350,09.81,3
0358.0989,09.81,3
0358.2628,09.81,3
0358.4267,09.81,3
0358.5905,09.82,3
0358.7544,09.82,3
0358.9183,09.82,3
0359.0822,09.82,3
0359.2461,09.82,3
0359.4100,09.82,3
0359.5739,09.82,3
0359.7378,09.82,3
0359.9017,09.83,3
0360.0656,09.83,3
0360.2294,09.83,3
0360.3933,09.83,3
0360.5572,09.83,3
0360.7211,09.84,3
0360.8850,09.84,3
0361.0489,09.84,3
0361.2128,09.84,3
0361.3767,09.84,3
0361.5406,09.84,3
0361.7045,09.84,3
0361.8683,09.84,3
0362.0322,09.84,3
0362.1961,09.84,3
0362.3600,09.84,3
0362.5239,09.84,3
0362.6878,09.84,3
0362.8517,09.84,3
0363.0156,09.84,3
0363.1795,09.84,3
0363.3433,09.84,3
0363.5072,09.84,3
0363.6711,09.84,3
0363.8350,09.84,3
0363.9989,09.84,3
0364.1628,09.84,3
0364.3267,09.83,3
0364.4906,09.84,3
0364.6545,09.84,3
0364.8184,09.83,3
0364.9822,09.83,3
0365.1461,09.83,3
0365.3100,09.83,3
0365.4739,09.83,3
0365.6378,09.83,3
0365.8017,09.83,3
0365.9656,09.83,3
0366.1295,09.83,3
0366.2934,09.83,3
0366.4573,09.83,3
0366.6211,09.83,3
0366.7850,09.83,3
0366.9489,09.83,3
0367.1128,09.83,3
0367.2767,09.82,3
0367.4406,09.82,3
0367.6045,09.82,3
0367.7684,09.82,3
0367.9323,09.82,3
0368.0961,09.83,3
0368.2600,09.83,3
0368.4239,09.83,3
0368.5878,09.83,3
0368.7517,09.83,3
0368.9156,09.83,3
0369.0795,09.83,3
0369.2434,09.82,3
0369.4073,09.82,3
0369.5712,09.82,3
0369.7350,09.82,3
0369.8989,09.82,3
0370.0628,09.83,3
0370.2267,09.83,3
0370.3906,09.83,3
0370.5545,09.83,3
0370.7184,09.83,3
0370.8823,09.83,3
0371.0462,09.83,3
0371.2101,09.82,3
0371.3739,09.82,3
0371.5378,09.82,3
0371.7017,09.82,3
0371.8656,09.82,3
0372.0295,09.82,3
0372.1934,09.82,3
0372.3573,09.82,3
0372.5212,09.82,3
0372.6851,09.82,3
0372.8489,09.82,3
0373.0128,09.82,3
0373.1767,09.82,3
0373.3406,09.82,3
0373.5045,09.81,3
0373.6684,09.81,3
0373.8323,09.81,3
0373.9962,09.81,3
0374.1601,09.81,3
0374.3240,09.81,3
0374.4878,09.81,3
0374.6517,09.81,3
0374.8156,09.81,3
0374.9795,09.81,3
0375.1434,09.81,3
0375.3073,09.80,3
0375.4712,09.80,3
0375.6351,09.80,3
0375.7990,09.80,3
0375.9629,09.80,3
0376.1267,09.80,3
0376.2906,09.80,3
0376.4545,09.80,3
0376.6184,09.80,3
0376.7823,09.80,3
0376.9462,09.80,3
0377.1101,09.80,3
0377.2740,09.80,3
0377.4379,09.79,3
0377.6017,09.79,3
0377.7656,09.79,3
0377.9295,09.79,3
0378.0934,09.79,3
0378.2573,09.79,3
0378.4212,09.79,3
0378.5851,09.78,3
0378.7490,09.78,3
0378.9129,09.78,3
0379.0768,09.78,3
0379.2406,09.78,3
0379.4045,09.78,3
0379.5684,09.78,3
0379.7323,09.77,3
0379.8962,09.77,3
0380.0601,09.77,3
0380.2240,09.77,3
0380.3879,09.77,3
0380.5518,09.77,3
0380.7157,09.76,3
0380.8795,09.76,3
0381.0434,09.76,3
0381.2073,09.76,3
0381.3712,09.75,3
0381.5351,09.75,3
0381.6990,09.75,3
0381.8629,09.75,3
0382.0268,09.75,3
0382.1907,09.74,3
0382.3545,09.74,3
0382.5184,09.74,3
0382.6823,09.74,3
0382.8462,09.74,3
0383.0101,09.74,3
0383.1740,09.73,3
0383.3379,09.73,3
0383.5018,09.73,3
0383.6657,09.72,3
0383.8296,09.72,3
0383.9934,09.71,3
0384.1573,09.71,3
0384.3212,09.71,3
0384.4851,09.71,3
0384.6490,09.70,3
0384.8129,09.70,3
0384.9768,09.69,3
0385.1407,09.69,3
0385.3046,09.69,3
0385.4685,09.69,3
0385.6323,09.68,3
0385.7962,09.68,3
0385.9601,09.67,3
0386.1240,09.67,3
0386.2879,09.67,3
0386.4518,09.66,3
0386.6157,09.66,3
0386.7796,09.66,3
0386.9435,09.65,3
0387.1073,09.65,3
0387.2712,09.64,3
0387.4351,09.64,3
0387.5990,09.63,3
0387.7629,09.62,3
0387.9268,09.62,3
0388.0907,09.61,3
0388.2546,09.61,3
0388.4185,09.61,3
0388.5824,09.60,3
0388.7462,09.60,3
0388.9101,09.60,3
0389.0740,09.60,3
0389.2379,09.59,3
0389.4018,09.59,3
0389.5657,09.59,3
0389.7296,09.58,3
0389.8935,09.57,3
0390.0574,09.57,3
0390.2213,09.57,3
0390.3851,09.56,3
0390.5490,09.56,3
0390.7129,09.56,3
0390.8768,09.55,3
0391.0407,09.55,3
0391.2046,09.55,3
0391.3685,09.54,3
0391.5324,09.54,3
0391.6963,09.54,3
0391.8601,09.54,3
0392.0240,09.53,3
0392.1879,09.53,3
0392.3518,09.53,3
0392.5157,09.53,3
0392.6796,09.52,3
0392.8435,09.52,3
0393.0074,09.52,3
0393.1713,09.51,3
0393.3352,09.51,3
0393.4990,09.51,3
0393.6629,09.51,3
0393.8268,09.50,3
0393.9907,09.50,3
0394.1546,09.50,3
0394.3185,09.49,3
0394.4824,09.49,3
0394.6463,09.49,3
0394.8102,09.48,3
0394.9741,09.48,3
0395.1379,09.48,3
0395.3018,09.48,3
0395.4657,09.47,3
0395.6296,09.47,3
0395.7935,09.47,3
0395.9574,09.46,3
0396.1213,09.46,3
0396.2852,09.46,3
0396.4491,09.46,3
0396.6129,09.46,3
0396.7768,09.46,3
0396.9407,09.45,3
0397.1046,09.45,3
0397.2685,09.45,3
0397.4324,09.45,3
0397.5963,09.45,3
0397.7602,09.44,3
0397.9241,09.44,3
0398.0880,09.44,3
0398.2518,09.43,3
0398.4157,09.43,3
0398.5796,09.43,3
0398.7435,09.43,3
0398.9074,09.43,3
0399.0713,09.43,3
0399.2352,09.43,3
0399.3991,09.43,3
0399.5630,09.43,3
0399.7269,09.43,3
0399.8907,09.42,3
0400.0546,09.42,3
0400.2185,09.42,3
0400.3824,09.41,3
0400.5463,09.41,3
0400.7102,09.41,3
0400.8741,09.41,3
0401.0380,09.41,3
0401.2019,09.41,3
0401.3657,09.41,3
0401.5296,09.41,3
0401.6935,09.41,3
0401.8574,09.41,3
0402.0213,09.41,3
0402.1852,09.41,3
0402.3491,09.40,3
0402.5130,09.40,3
0402.6769,09.40,3
0402.8408,09.40,3
0403.0046,09.40,3
0403.1685,09.40,3
0403.3324,09.40,3
0403.4963,09.40,3
0403.6602,09.40,3
0403.8241,09.40,3
0403.9880,09.40,3
0404.1519,09.40,3
0404.3158,09.40,3
0404.4797,09.40,3
0404.6435,09.40,3
0404.8074,09.40,3
0404.9713,09.40,3
0405.1352,09.40,3
0405.2991,09.40,3
0405.4630,09.40,3
0405.6269,09.39,3
0405.7908,09.39,3
0405.9547,09.39,3
0406.1185,09.39,3
0406.2824,09.39,3
0406.4463,09.39,3
0406.6102,09.39,3
0406.7741,09.40,1
0406.9380,09.40,1
0407.1019,09.40,1
0407.2658,09.40,1
0407.4297,09.40,1
0407.5936,09.40,1
0407.7574,09.40,1
0407.9213,09.40,1
0408.0852,09.40,1
0408.2491,09.40,1
0408.4130,09.40,1
0408.5769,09.40,1
0408.7408,09.40,1
0408.9047,09.41,1
0409.0686,09.41,1
0409.2325,09.41,1
0409.3963,09.42,1
0409.5602,09.42,1
0409.7241,09.42,1
0409.8880,09.42,1
0410.0519,09.42,1
0410.2158,09.42,1
0410.3797,09.42,1
0410.5436,09.43,1
0410.7075,09.43,1
0410.8713,09.44,1
0411.0352,09.44,1
0411.1991,09.45,1
0411.3630,09.45,1
0411.5269,09.46,1
0411.6908,09.46,1
0411.8547,09.46,1
0412.0186,09.46,1
0412.1825,09.47,1
0412.3464,09.47,1
0412.5102,09.48,1
0412.6741,09.48,1
0412.8380,09.49,1
0413.0019,09.49,1
0413.1658,09.50,1
0413.3297,09.51,1
0413.4936,09.52,1
0413.6575,09.52,1
0413.8214,09.52,1
0413.9852,09.53,1
0414.1491,09.54,1
0414.3130,09.54,1
0414.4769,09.54,1
0414.6408,09.55,1
0414.8047,09.56,1
0414.9686,09.56,1
0415.1325,09.57,1
0415.2964,09.58,1
0415.4603,09.58,1
0415.6241,09.59,1
0415.7880,09.60,1
0415.9519,09.61,1
0416.1158,09.62,1
0416.2797,09.62,1
0416.4436,09.63,1
0416.6075,09.64,1
0416.7714,09.64,1
0416.9353,09.65,1
0417.0992,09.66,1
0417.2630,09.67,1
0417.4269,09.68,1
0417.5908,09.68,1
0417.7547,09.70,1
0417.9186,09.70,1
0418.0825,09.71,1
0418.2464,09.72,1
0418.4103,09.73,1
0418.5742,09.74,1
0418.7380,09.75,1
0418.9019,09.76,1
0419.0658,09.76,1
0419.2297,09.78,1
0419.3936,09.78,1
0419.5575,09.79,1
0419.7214,09.80,1
0419.8853,09.81,1
0420.0492,09.82,1
0420.2131,09.84,1
0420.3769,09.85,1
0420.5408,09.86,1
0420.7047,09.87,1
0420.8686,09.88,1
0421.0325,09.89,1
0421.1964,09.90,1
0421.3603,09.91,1
0421.5242,09.92,1
0421.6881,09.93,1
0421.8520,09.94,1
0422.0158,09.95,1
0422.1797,09.95,1
0422.3436,09.97,1
0422.5075,09.98,1
0422.6714,09.99,1
0422.8353,10.01,1
0422.9992,10.02,1
0423.1631,10.03,1
0423.3270,10.05,1
0423.4908,10.06,1
0423.6547,10.07,1
0423.8186,10.08,1
0423.9825,10.09,1
0424.1464,10.11,1
0424.3103,10.12,1
0424.4742,10.12,1
0424.6381,10.14,1
0424.8020,10.15,1
0424.9659,10.17,1
0425.1297,10.18,1
0425.2936,10.18,1
0425.4575,10.21,1
0425.6214,10.22,1
0425.7853,10.22,1
0425.9492,10.24,1
0426.1131,10.25,1
0426.2770,10.27,1
0426.4409,10.28,1
0426.6048,10.30,3
0426.7686,10.31,3
0426.9325,10.32,3
0427.0964,10.34,3
0427.2603,10.35,3
0427.4242,10.36,3
0427.5881,10.38,3
0427.7520,10.39,3
0427.9159,10.40,3
0428.0798,10.41,3
0428.2436,10.43,3
0428.4075,10.44,3
0428.5714,10.45,3
0428.7353,10.47,3
0428.8992,10.49,3
0429.0631,10.50,3
0429.2270,10.52,3
0429.3909,10.53,3
0429.5548,10.56,3
0429.7187,10.57,3
0429.8825,10.58,3
0430.0464,10.60,3
0430.2103,10.61,3
0430.3742,10.64,3
0430.5381,10.65,3
0430.7020,10.66,3
0430.8659,10.68,3
0431.0298,10.69,3
0431.1937,10.71,3
0431.3576,10.72,3
0431.5214,10.74,3
0431.6853,10.75,3
0431.8492,10.78,3
0432.0131,10.78,3
0432.1770,10.80,3
0432.3409,10.82,3
0432.5048,10.84,3
0432.6687,10.85,3
0432.8326,10.86,3
0432.9964,10.89,3
0433.1603,10.91,3
0433.3242,10.92,3
0433.4881,10.93,3
0433.6520,10.96,3
0433.8159,10.97,3
0433.9798,10.99,3
0434.1437,11.01,3
0434.3076,11.03,3
0434.4715,11.04,3
0434.6353,11.06,3
0434.7992,11.07,3
0434.9631,11.09,3
0435.1270,11.10,3
0435.2909,11.12,3
0435.4548,11.13,3
0435.6187,11.15,3
0435.7826,11.16,3
0435.9465,11.17,3
0436.1104,11.19,3
0436.2742,11.20,3
0436.4381,11.22,3
0436.6020,11.23,3
0436.7659,11.24,3
0436.9298,11.25,3
0437.0937,11.27,3
0437.2576,11.27,3
0437.4215,11.29,3
0437.5854,11.29,3
0437.7492,11.31,3
0437.9131,11.32,3
0438.0770,11.33,3
0438.2409,11.33,3
0438.4048,11.34,3
0438.5687,11.35,3
0438.7326,11.36,3
0438.8965,11.37,3
0439.0604,11.38,3
0439.2243,11.38,3
0439.3881,11.39,3
0439.5520,11.40,3
0439.7159,11.41,3
0439.8798,11.42,3
0440.0437,11.42,3
0440.2076,11.43,3
0440.3715,11.44,3
0440.5354,11.44,3
0440.6993,11.45,3
0440.8632,11.45,3
0441.0270,11.45,3
0441.1909,11.46,3
0441.3548,11.47,3
0441.5187,11.47,3
0441.6826,11.48,3
0441.8465,11.48,3
0442.0104,11.48,3
0442.1743,11.49,3
0442.3382,11.49,3
0442.5020,11.50,3
0442.6659,11.50,3
0442.8298,11.51,3
0442.9937,11.51,3
0443.1576,11.52,3
0443.3215,11.52,3
0443.4854,11.53,3
0443.6493,11.53,3
0443.8132,11.53,3
0443.9771,11.54,3
0444.1409,11.54,3
0444.3048,11.54,3
0444.4687,11.55,3
0444.6326,11.55,3
0444.7965,11.56,3
0444.9604,11.56,3
0445.1243,11.57,3
0445.2882,11.57,3
0445.4521,11.57,3
0445.6160,11.58,3
0445.7798,11.59,3
0445.9437,11.59,3
0446.1076,11.59,3
0446.2715,11.60,3
0446.4354,11.61,3
0446.5993,11.61,3
0446.7632,11.61,3
0446.9271,11.62,3
0447.0910,11.62,3
0447.2548,11.62,3
0447.4187,11.62,3
0447.5826,11.63,3
0447.7465,11.63,3
0447.9104,11.63,3
0448.0743,11.64,3
0448.2382,11.64,3
0448.4021,11.64,3
0448.5660,11.65,3
0448.7299,11.65,3
0448.8937,11.65,3
0449.0576,11.65,3
0449.2215,11.66,3
0449.3854,11.66,3
0449.5493,11.67,3
0449.7132,11.67,3
0449.8771,11.67,3
0450.0410,11.67,3
0450.2049,11.68,3
0450.3688,11.68,3
0450.5326,11.68,3
0450.6965,11.68,3
0450.8604,11.68,3
0451.0243,11.68,3
0451.1882,11.68,3
0451.3521,11.68,3
0451.5160,11.68,3
0451.6799,11.68,3
0451.8438,11.68,3
0452.0076,11.68,3
0452.1715,11.68,3
0452.3354,11.68,3
0452.4993,11.68,3
0452.6632,11.68,3
0452.8271,11.68,3
0452.9910,11.68,3
0453.1549,11.68,3
0453.3188,11.69,3
0453.4827,11.69,3
0453.6465,11.68,3
0453.8104,11.68,3
0453.9743,11.68,3
0454.1382,11.68,3
0454.3021,11.68,3
0454.4660,11.68,3
0454.6299,11.68,3
0454.7938,11.68,3
0454.9577,11.68,3
0455.1216,11.68,3
0455.2854,11.68,3
0455.4493,11.67,3
0455.6132,11.67,3
0455.7771,11.68,3
0455.9410,11.68,3
0456.1049,11.68,3
0456.2688,11.68,3
0456.4327,11.68,3
0456.5966,11.68,3
0456.7604,11.68,3
0456.9243,11.68,3
0457.0882,11.67,3
0457.2521,11.67,3
0457.4160,11.67,3
0457.5799,11.67,3
0457.7438,11.67,3
0457.9077,11.67,3
0458.0716,11.67,3
0458.2355,11.67,3
0458.3993,11.67,3
0458.5632,11.68,3
0458.7271,11.68,3
0458.8910,11.67,3
0459.0549,11.67,3
0459.2188,11.68,3
0459.3827,11.68,3
0459.5466,11.68,3
0459.7105,11.68,3
0459.8744,11.68,3
0460.0382,11.68,3
0460.2021,11.68,3
0460.3660,11.69,3
0460.5299,11.68,3
0460.6938,11.68,3
0460.8577,11.68,3
0461.0216,11.68,3
0461.1855,11.68,3
0461.3494,11.68,3
0461.5132,11.68,3
0461.6771,11.68,3
0461.8410,11.68,3
0462.0049,11.68,3
0462.1688,11.68,3
0462.3327,11.67,3
0462.4966,11.67,3
0462.6605,11.67,3
0462.8244,11.67,3
0462.9883,11.67,3
0463.1521,11.67,3
0463.3160,11.68,3
0463.4799,11.67,3
0463.6438,11.67,3
0463.8077,11.67,3
0463.9716,11.67,3
0464.1355,11.67,3
0464.2994,11.67,3
0464.4633,11.66,3
0464.6272,11.66,3
0464.7910,11.66,3
0464.9549,11.66,3
0465.1188,11.66,3
0465.2827,11.66,3
0465.4466,11.66,3
0465.6105,11.66,3
0465.7744,11.66,3
0465.9383,11.66,3
0466.1022,11.66,3
0466.2660,11.66,1
0466.4299,11.66,1
0466.5938,11.66,1
0466.7577,11.65,1
0466.9216,11.65,1
0467.0855,11.65,1
0467.2494,11.65,1
0467.4133,11.65,1
0467.5772,11.64,1
0467.7411,11.64,1
0467.9049,11.64,1
0468.0688,11.64,1
0468.2327,11.64,1
0468.3966,11.63,1
0468.5605,11.63,1
0468.7244,11.63,1
0468.8883,11.63,1
0469.0522,11.63,1
0469.2161,11.63,1
0469.3800,11.63,1
0469.5438,11.63,1
0469.7077,11.62,1
0469.8716,11.62,1
0470.0355,11.62,1
0470.1994,11.62,1
0470.3633,11.61,1
0470.5272,11.61,1
0470.6911,11.61,1
0470.8550,11.61,1
0471.0188,11.61,1
0471.1827,11.61,1
0471.3466,11.60,1
0471.5105,11.60,1
0471.6744,11.60,1
0471.8383,11.59,1
0472.0022,11.59,1
0472.1661,11.59,1
0472.3300,11.59,1
0472.4939,11.59,1
0472.6577,11.58,1
0472.8216,11.58,1
0472.9855,11.58,1
0473.1494,11.58,1
0473.3133,11.58,1
0473.4772,11.57,1
0473.6411,11.57,1
0473.8050,11.57,1
0473.9689,11.57,1
0474.1328,11.57,1
0474.2966,11.56,1
0474.4605,11.56,1
0474.6244,11.55,1
0474.7883,11.55,1
0474.9522,11.55,1
0475.1161,11.54,1
0475.2800,11.54,1
0475.4439,11.54,1
0475.6078,11.53,1
0475.7716,11.53,1
0475.9355,11.53,1
0476.0994,11.53,1
0476.2633,11.52,1
0476.4272,11.52,1
0476.5911,11.52,1
0476.7550,11.52,1
0476.9189,11.51,1
0477.0828,11.51,1
0477.2467,11.50,1
0477.4105,11.50,1
0477.5744,11.50,1
0477.7383,11.49,1
0477.9022,11.49,1
0478.0661,11.49,1
0478.2300,11.48,1
0478.3939,11.48,1
0478.5578,11.47,1
0478.7217,11.47,1
0478.8856,11.46,1
0479.0494,11.46,1
0479.2133,11.46,1
0479.3772,11.46,1
0479.5411,11.45,1
0479.7050,11.45,1
0479.8689,11.45,1
0480.0328,11.44,1
0480.1967,11.44,1
0480.3606,11.44,1
0480.5244,11.43,1
0480.6883,11.43,1
0480.8522,11.43,1
0481.0161,11.43,1
0481.1800,11.42,1
0481.3439,11.42,1
0481.5078,11.41,1
0481.6717,11.41,1
0481.8356,11.41,1
0481.9995,11.40,1
0482.1633,11.40,1
0482.3272,11.40,1
0482.4911,11.39,1
0482.6550,11.39,1
0482.8189,11.39,1
0482.9828,11.39,1
0483.1467,11.39,1
0483.3106,11.39,1
0483.4745,11.38,1
0483.6384,11.38,1
0483.8022,11.38,1
0483.9661,11.37,1
0484.1300,11.37,1
0484.2939,11.37,1
0484.4578,11.37,1
0484.6217,11.37,1
0484.7856,11.36,1
0484.9495,11.36,1
0485.1134,11.36,1
0485.2772,11.36,1
0485.4411,11.35,1
0485.6050,11.35,1
0485.7689,11.35,1
0485.9328,11.35,1
0486.0967,11.35,1
0486.2606,11.35,1
0486.4245,11.35,1
0486.5884,11.34,1
0486.7523,11.34,1
0486.9161,11.34,1
0487.0800,11.34,1
0487.2439,11.34,1
0487.4078,11.34,1
0487.5717,11.33,1
0487.7356,11.33,1
0487.8995,11.33,1
0488.0634,11.33,1
0488.2273,11.33,1
0488.3911,11.32,1
0488.5550,11.32,1
0488.7189,11.32,1
0488.8828,11.32,1
0489.0467,11.32,1
0489.2106,11.31,1
0489.3745,11.32,1
0489.5384,11.32,1
0489.7023,11.31,1
0489.8662,11.31,1
0490.0300,11.31,1
0490.1939,11.31,1
0490.3578,11.31,1
0490.5217,11.31,1
0490.6856,11.30,1
0490.8495,11.30,1
0491.0134,11.30,1
0491.1773,11.30,1
0491.3412,11.30,1
0491.5051,11.30,1
0491.6689,11.30,1
0491.8328,11.29,1
0491.9967,11.29,1
0492.1606,11.29,1
0492.3245,11.29,1
0492.4884,11.29,1
0492.6523,11.29,1
0492.8162,11.29,1
0492.9801,11.29,1
0493.1439,11.28,1
0493.3078,11.29,1
0493.4717,11.28,1
0493.6356,11.28,1
0493.7995,11.27,1
0493.9634,11.27,1
0494.1273,11.27,1
0494.2912,11.27,1
0494.4551,11.26,1
0494.6190,11.26,1
0494.7828,11.26,1
0494.9467,11.25,1
0495.1106,11.25,1
0495.2745,11.25,1
0495.4384,11.24,1
0495.6023,11.24,1
0495.7662,11.23,1
0495.9301,11.23,1
0496.0940,11.23,1
0496.2579,11.22,1
0496.4217,11.22,1
0496.5856,11.21,1
0496.7495,11.21,1
0496.9134,11.21,1
0497.0773,11.21,1
0497.2412,11.20,1
0497.4051,11.19,1
0497.5690,11.19,1
0497.7329,11.18,1
0497.8967,11.18,1
0498.0606,11.17,1
0498.2245,11.17,1
0498.3884,11.16,1
0498.5523,11.16,1
0498.7162,11.16,1
0498.8801,11.14,1
0499.0440,11.14,1
0499.2079,11.13,1
0499.3718,11.13,1
0499.5356,11.13,1
0499.6995,11.12,1
0499.8634,11.12,1
0500.0273,11.11,1
0500.1912,11.11,1
0500.3551,11.11,1
0500.5190,11.11,1
0500.6829,11.10,1
0500.8468,11.09,1
0501.0107,11.09,1
0501.1745,11.08,1
0501.3384,11.08,1
0501.5023,11.07,1
0501.6662,11.07,1
0501.8301,11.07,1
0501.9940,11.07,1
0502.1579,11.06,1
0502.3218,11.06,1
0502.4857,11.06,1
0502.6495,11.06,1
0502.8134,11.05,1
0502.9773,11.05,1
0503.1412,11.05,1
0503.3051,11.05,1
0503.4690,11.04,1
0503.6329,11.04,1
0503.7968,11.03,1
0503.9607,11.03,1
0504.1246,11.03,1
0504.2884,11.03,1
0504.4523,11.02,1
0504.6162,11.02,1
0504.7801,11.02,1
0504.9440,11.02,1
0505.1079,11.02,1
0505.2718,11.01,1
0505.4357,11.01,1
0505.5996,11.01,1
0505.7635,11.01,1
0505.9273,11.01,1
0506.0912,11.01,1
0506.2551,11.00,1
0506.4190,11.00,1
0506.5829,11.00,1
0506.7468,11.00,1
0506.9107,11.00,1
0507.0746,11.00,1
0507.2385,11.00,1
0507.4023,11.00,1
0507.5662,11.00,1
0507.7301,11.00,1
0507.8940,11.00,1
0508.0579,10.99,1
0508.2218,10.99,1
0508.3857,10.99,1
0508.5496,10.99,1
0508.7135,10.99,1
0508.8774,10.99,1
0509.0412,10.99,1
0509.2051,10.99,1
0509.3690,10.99,1
0509.5329,10.99,1
0509.6968,10.99,1
0509.8607,10.99,1
0510.0246,10.98,1
0510.1885,10.99,1
0510.3524,10.99,1
0510.5163,10.99,1
0510.6801,10.99,1
0510.8440,10.99,1
0511.0079,10.99,1
0511.1718,10.99,1
0511.3357,10.99,1
0511.4996,10.99,1
0511.6635,10.99,1
0511.8274,10.99,1
0511.9913,10.99,1
0512.1551,11.00,1
0512.3190,11.00,1
0512.4829,11.00,1
0512.6468,11.00,1
0512.8107,11.00,1
0512.9746,11.00,1
0513.1385,11.00,1
0513.3024,11.01,1
0513.4663,11.01,1
0513.6302,11.01,1
0513.7940,11.01,1
0513.9579,11.01,1
0514.1218,11.02,1
0514.2857,11.02,1
0514.4496,11.02,1
0514.6135,11.02,1
0514.7774,11.02,1
0514.9413,11.03,1
0515.1052,11.03,1
0515.2691,11.03,1
0515.4329,11.03,1
0515.5968,11.03,1
0515.7607,11.03,1
0515.9246,11.04,1
0516.0885,11.04,1
0516.2524,11.05,1
0516.4163,11.05,1
0516.5802,11.05,1
0516.7441,11.05,3
0516.9079,11.06,3
0517.0718,11.06,3
0517.2357,11.06,3
0517.3996,11.06,3
0517.5635,11.07,3
0517.7274,11.07,3
0517.8913,11.08,3
0518.0552,11.08,3
0518.2191,11.08,3
0518.3830,11.09,3
0518.5468,11.09,3
0518.7107,11.10,3
0518.8746,11.10,3
0519.0385,11.11,3
0519.2024,11.11,3
0519.3663,11.12,3
0519.5302,11.13,3
0519.6941,11.13,3
0519.8580,11.14,3
0520.0219,11.15,3
0520.1857,11.15,3
0520.3496,11.15,3
0520.5135,11.16,3
0520.6774,11.16,3
0520.8413,11.17,3
0521.0052,11.17,3
0521.1691,11.18,3
0521.3330,11.19,3
0521.4969,11.20,3
0521.6607,11.21,3
0521.8246,11.21,3
0521.9885,11.22,3
0522.1524,11.22,3
0522.3163,11.23,3
0522.4802,11.23,3
0522.6441,11.24,3
0522.8080,11.24,3
0522.9719,11.25,3
0523.1358,11.26,3
0523.2996,11.27,3
0523.4635,11.28,3
0523.6274,11.29,3
0523.7913,11.30,3
0523.9552,11.30,3
0524.1191,11.31,3
0524.2830,11.32,3
0524.4469,11.32,3
0524.6108,11.33,3
0524.7747,11.34,3
0524.9385,11.35,3
0525.1024,11.36,3
0525.2663,11.36,3
0525.4302,11.37,3
0525.5941,11.37,3
0525.7580,11.38,3
0525.9219,11.39,3
0526.0858,11.40,3
0526.2497,11.40,3
0526.4135,11.41,3
0526.5774,11.41,3
0526.7413,11.42,3
0526.9052,11.43,3
0527.0691,11.44,3
0527.2330,11.45,3
0527.3969,11.45,3
0527.5608,11.46,3
0527.7247,11.46,3
0527.8886,11.47,3
0528.0524,11.47,3
0528.2163,11.48,3
0528.3802,11.49,3
0528.5441,11.49,3
0528.7080,11.50,3
0528.8719,11.51,3
0529.0358,11.52,3
0529.1997,11.53,3
0529.3636,11.54,3
0529.5275,11.54,3
0529.6913,11.55,3
0529.8552,11.55,3
0530.0191,11.56,3
0530.1830,11.57,3
0530.3469,11.58,3
0530.5108,11.58,3
0530.6747,11.59,3
0530.8386,11.60,3
0531.0025,11.60,3
0531.1663,11.61,3
0531.3302,11.61,3
0531.4941,11.62,3
0531.6580,11.63,3
0531.8219,11.63,3
0531.9858,11.64,3
0532.1497,11.65,3
0532.3136,11.66,3
0532.4775,11.66,3
0532.6414,11.67,3
0532.8052,11.67,3
0532.9691,11.67,3
0533.1330,11.67,3
0533.2969,11.68,3
0533.4608,11.68,3
0533.6247,11.68,3
0533.7886,11.68,3
0533.9525,11.68,3
0534.1164,11.69,3
0534.2803,11.69,3
0534.4441,11.70,3
0534.6080,11.70,3
0534.7719,11.70,3
0534.9358,11.71,3
0535.0997,11.71,3
0535.2636,11.72,3
0535.4275,11.72,3
0535.5914,11.72,3
0535.7553,11.71,3
0535.9191,11.71,3
0536.0830,11.72,3
0536.2469,11.72,3
0536.4108,11.72,3
0536.5747,11.72,3
0536.7386,11.72,3
0536.9025,11.73,3
0537.0664,11.73,3
0537.2303,11.73,3
0537.3942,11.73,3
0537.5580,11.72,3
0537.7219,11.73,3
0537.8858,11.73,3
0538.0497,11.73,3
0538.2136,11.73,3
0538.3775,11.73,3
0538.5414,11.73,3
0538.7053,11.74,3
0538.8692,11.74,3
0539.0331,11.73,3
0539.1969,11.73,3
0539.3608,11.73,3
0539.5247,11.74,3
0539.6886,11.74,3
0539.8525,11.74,3
0540.0164,11.74,3
0540.1803,11.74,3
0540.3442,11.75,3
0540.5081,11.75,3
0540.6719,11.75,3
0540.8358,11.75,3
0540.9997,11.75,3
0541.1636,11.75,3
0541.3275,11.75,3
0541.4914,11.75,3
0541.6553,11.75,3
0541.8192,11.75,3
0541.9831,11.76,3
0542.1470,11.76,3
0542.3108,11.76,3
0542.4747,11.76,3
0542.6386,11.76,3
0542.8025,11.77,3
0542.9664,11.77,3
0543.1303,11.77,3
0543.2942,11.77,3
0543.4581,11.77,3
0543.6220,11.77,3
0543.7859,11.77,3
0543.9497,11.77,3
0544.1136,11.77,3
0544.2775,11.78,3
0544.4414,11.78,3
0544.6053,11.78,3
0544.7692,11.79,3
0544.9331,11.79,3
0545.0970,11.78,3
0545.2609,11.79,3
0545.4247,11.79,3
0545.5886,11.79,3
0545.7525,11.79,3
0545.9164,11.79,3
0546.0803,11.79,3
0546.2442,11.80,3
0546.4081,11.80,3
0546.5720,11.80,3
0546.7359,11.79,3
0546.8998,11.79,3
0547.0636,11.80,3
0547.2275,11.80,3
0547.3914,11.80,3
0547.5553,11.80,3
0547.7192,11.80,3
0547.8831,11.81,3
0548.0470,11.81,3
0548.2109,11.81,3
0548.3748,11.81,3
0548.5387,11.81,3
0548.7025,11.81,3
0548.8664,11.82,3
0549.0303,11.82,3
0549.1942,11.82,3
0549.3581,11.82,3
0549.5220,11.83,3
0549.6859,11.83,3
0549.8498,11.83,3
0550.0137,11.83,3
0550.1775,11.83,3
0550.3414,11.84,3
0550.5053,11.84,3
0550.6692,11.84,3
0550.8331,11.85,3
0550.9970,11.85,3
0551.1609,11.85,3
0551.3248,11.86,3
0551.4887,11.86,3
0551.6526,11.86,3
0551.8164,11.86,3
0551.9803,11.86,3
0552.1442,11.87,3
0552.3081,11.87,3
0552.4720,11.87,3
0552.6359,11.87,3
0552.7998,11.87,3
0552.9637,11.87,3
0553.1276,11.87,3
0553.2915,11.87,3
0553.4553,11.87,3
0553.6192,11.87,3
0553.7831,11.87,3
0553.9470,11.87,3
0554.1109,11.87,3
0554.2748,11.87,3
0554.4387,11.87,3
0554.6026,11.87,3
0554.7665,11.87,3
0554.9303,11.87,3
0555.0942,11.86,3
0555.2581,11.86,3
0555.4220,11.87,3
0555.5859,11.87,3
0555.7498,11.86,3
0555.9137,11.86,3
0556.0776,11.86,3
0556.2415,11.86,3
0556.4054,11.85,3
0556.5692,11.85,3
0556.7331,11.84,3
0556.8970,11.84,3
0557.0609,11.84,3
0557.2248,11.84,3
0557.3887,11.84,3
0557.5526,11.84,3
0557.7165,11.84,3
0557.8804,11.83,3
0558.0443,11.83,3
0558.2081,11.83,3
0558.3720,11.83,3
0558.5359,11.82,3
0558.6998,11.82,3
0558.8637,11.82,3
0559.0276,11.82,3
0559.1915,11.82,3
0559.3554,11.82,3
0559.5193,11.82,3
0559.6831,11.82,3
0559.8470,11.82,3
0560.0109,11.81,3
0560.1748,11.81,3
0560.3387,11.81,3
0560.5026,11.81,3
0560.6665,11.81,3
0560.8304,11.81,3
0560.9943,11.80,3
0561.1582,11.80,3
0561.3220,11.80,3
0561.4859,11.80,3
0561.6498,11.80,3
0561.8137,11.79,3
0561.9776,11.79,3
0562.1415,11.79,3
0562.3054,11.79,3
0562.4693,11.80,3
0562.6332,11.80,3
0562.7970,11.79,3
0562.9609,11.79,3
0563.1248,11.79,3
0563.2887,11.79,3
0563.4526,11.79,3
0563.6165,11.79,3
0563.7804,11.79,3
0563.9443,11.79,3
0564.1082,11.79,3
0564.2721,11.79,3
0564.4359,11.79,3
0564.5998,11.79,3
0564.7637,11.79,3
0564.9276,11.79,3
0565.0915,11.79,3
0565.2554,11.79,3
0565.4193,11.79,3
0565.5832,11.79,3
0565.7471,11.80,3
0565.9110,11.80,3
0566.0748,11.80,3
0566.2387,11.79,3
0566.4026,11.79,3
0566.5665,11.79,3
0566.7304,11.79,3
0566.8943,11.79,3
0567.0582,11.78,3
0567.2221,11.78,3
0567.3860,11.78,3
0567.5498,11.78,3
0567.7137,11.78,3
0567.8776,11.78,3
0568.0415,11.77,3
0568.2054,11.77,3
0568.3693,11.77,3
0568.5332,11.76,3
0568.6971,11.76,3
0568.8610,11.76,3
0569.0249,11.76,3
0569.1887,11.76,3
0569.3526,11.76,3
0569.5165,11.75,3
0569.6804,11.75,3
0569.8443,11.75,3
0570.0082,11.75,3
0570.1721,11.74,3
0570.3360,11.73,3
0570.4999,11.73,3
0570.6638,11.73,3
0570.8276,11.73,3
0570.9915,11.72,3
0571.1554,11.72,3
0571.3193,11.71,3
0571.4832,11.71,3
0571.6471,11.71,3
0571.8110,11.70,3
0571.9749,11.69,3
0572.1388,11.69,3
0572.3026,11.69,3
0572.4665,11.69,3
0572.6304,11.68,3
0572.7943,11.68,3
0572.9582,11.68,3
0573.1221,11.67,3
0573.2860,11.67,3
0573.4499,11.67,3
0573.6138,11.66,3
0573.7777,11.65,3
0573.9415,11.65,3
0574.1054,11.65,3
0574.2693,11.65,3
0574.4332,11.64,3
0574.5971,11.64,3
0574.7610,11.64,3
0574.9249,11.64,3
0575.0888,11.64,3
0575.2527,11.64,3
0575.4166,11.64,3
0575.5804,11.63,3
0575.7443,11.63,3
0575.9082,11.63,3
0576.0721,11.63,3
0576.2360,11.63,3
0576.3999,11.63,3
0576.5638,11.63,3
0576.7277,11.63,3
0576.8916,11.63,3
0577.0554,11.62,3
0577.2193,11.62,3
0577.3832,11.62,3
0577.5471,11.62,3
0577.7110,11.62,3
0577.8749,11.62,3
0578.0388,11.62,3
0578.2027,11.62,3
0578.3666,11.62,3
0578.5305,11.62,3
0578.6943,11.62,3
0578.8582,11.62,3
0579.0221,11.62,3
0579.1860,11.62,3
0579.3499,11.62,3
0579.5138,11.62,3
0579.6777,11.62,3
0579.8416,11.62,3
0580.0055,11.62,3
0580.1694,11.62,3
0580.3332,11.62,3
0580.4971,11.62,3
0580.6610,11.62,3
0580.8249,11.62,3
0580.9888,11.62,3
0581.1527,11.63,3
0581.3166,11.62,3
0581.4805,11.62,3
0581.6444,11.63,3
0581.8082,11.63,3
0581.9721,11.63,3
0582.1360,11.63,3
0582.2999,11.63,3
0582.4638,11.63,3
0582.6277,11.63,3
0582.7916,11.64,3
0582.9555,11.64,3
0583.1194,11.64,3
0583.2833,11.64,3
0583.4471,11.64,3
0583.6110,11.64,3
0583.7749,11.64,3
0583.9388,11.65,3
0584.1027,11.64,3
0584.2666,11.64,3
0584.4305,11.65,3
0584.5944,11.65,3
0584.7583,11.66,3
0584.9222,11.66,3
0585.0860,11.66,3
0585.2499,11.66,3
0585.4138,11.67,3
0585.5777,11.67,3
0585.7416,11.67,3
0585.9055,11.67,3
0586.0694,11.67,3
0586.2333,11.68,3
0586.3972,11.68,3
0586.5610,11.68,3
0586.7249,11.68,3
0586.8888,11.68,3
0587.0527,11.69,3
0587.2166,11.69,3
0587.3805,11.68,3
0587.5444,11.68,3
0587.7083,11.68,3
0587.8722,11.69,3
0588.0361,11.69,3
0588.1999,11.69,3
0588.3638,11.69,3
0588.5277,11.70,3
0588.6916,11.70,3
0588.8555,11.70,3
0589.0194,11.70,3
0589.1833,11.69,3
0589.3472,11.69,3
0589.5111,11.70,3
0589.6750,11.70,3
0589.8388,11.70,3
0590.0027,11.70,3
0590.1666,11.70,3
0590.3305,11.70,3
0590.4944,11.71,3
0590.6583,11.71,3
0590.8222,11.70,3
0590.9861,11.70,3
0591.1500,11.70,3
0591.3138,11.70,3
0591.4777,11.70,3
0591.6416,11.70,3
0591.8055,11.70,3
0591.9694,11.70,3
0592.1333,11.71,3
0592.2972,11.71,3
0592.4611,11.70,3
0592.6250,11.70,3
0592.7889,11.70,3
0592.9527,11.71,3
0593.1166,11.71,3
0593.2805,11.71,3
0593.4444,11.71,3
0593.6083,11.71,3
0593.7722,11.71,3
0593.9361,11.71,3
0594.1000,11.71,3
0594.2639,11.71,3
0594.4278,11.70,3
0594.5916,11.70,3
0594.7555,11.70,3
0594.9194,11.70,3
0595.0833,11.71,3
0595.2472,11.71,3
0595.4111,11.70,3
0595.5750,11.71,3
0595.7389,11.71,3
0595.9028,11.71,3
0596.0666,11.71,1
0596.2305,11.70,1
0596.3944,11.70,1
0596.5583,11.71,1
0596.7222,11.71,1
0596.8861,11.70,1
0597.0500,11.70,1
0597.2139,11.70,1
0597.3778,11.70,1
0597.5417,11.69,1
0597.7055,11.69,1
0597.8694,11.68,1
0598.0333,11.68,1
0598.1972,11.68,1
0598.3611,11.68,1
0598.5250,11.68,1
0598.6889,11.68,1
0598.8528,11.68,1
0599.0167,11.68,1
0599.1806,11.68,1
0599.3444,11.68,1
0599.5083,11.67,1
0599.6722,11.67,1
0599.8361,11.66,1
