Time[s],Rotational_speed[rpm],Status
0000.0000,09.82,3
0000.1639,09.82,3
0000.3278,09.81,3
0000.4917,09.81,3
0000.6556,09.81,3
0000.8194,09.81,3
0000.9833,09.81,3
0001.1472,09.80,3
0001.3111,09.80,3
0001.4750,09.80,3
0001.6389,09.80,3
0001.8028,09.80,3
0001.9667,09.80,3
0002.1306,09.79,3
0002.2945,09.79,3
0002.4583,09.79,3
0002.6222,09.79,3
0002.7861,09.78,3
0002.9500,09.78,3
0003.1139,09.78,3
0003.2778,09.78,3
0003.4417,09.78,3
0003.6056,09.78,3
0003.7695,09.78,3
0003.9334,09.78,3
0004.0972,09.78,3
0004.2611,09.77,3
0004.4250,09.77,3
0004.5889,09.77,3
0004.7528,09.77,3
0004.9167,09.77,3
0005.0806,09.77,3
0005.2445,09.76,3
0005.4084,09.76,3
0005.5722,09.76,3
0005.7361,09.76,3
0005.9000,09.76,3
0006.0639,09.76,3
0006.2278,09.76,3
0006.3917,09.76,3
0006.5556,09.76,3
0006.7195,09.76,3
0006.8834,09.76,3
0007.0473,09.76,3
0007.2111,09.76,3
0007.3750,09.76,3
0007.5389,09.76,3
0007.7028,09.76,3
0007.8667,09.76,3
0008.0306,09.76,3
0008.1945,09.76,3
0008.3584,09.76,3
0008.5223,09.76,3
0008.6862,09.76,3
0008.8500,09.76,3
0009.0139,09.76,3
0009.1778,09.76,3
0009.3417,09.76,3
0009.5056,09.76,3
0009.6695,09.76,3
0009.8334,09.76,3
0009.9973,09.76,3
0010.1612,09.76,3
0010.3250,09.76,3
0010.4889,09.76,3
0010.6528,09.76,3
0010.8167,09.76,3
0010.9806,09.76,3
0011.1445,09.75,3
0011.3084,09.75,3
0011.4723,09.75,3
0011.6362,09.75,3
0011.8001,09.75,3
0011.9639,09.75,3
0012.1278,09.75,3
0012.2917,09.75,3
0012.4556,09.75,3
0012.6195,09.75,3
0012.7834,09.75,3
0012.9473,09.75,3
0013.1112,09.75,3
0013.2751,09.75,3
0013.4390,09.74,3
0013.6028,09.74,3
0013.7667,09.74,3
0013.9306,09.74,3
0014.0945,09.74,3
0014.2584,09.74,3
0014.4223,09.74,3
0014.5862,09.74,3
0014.7501,09.74,3
0014.9140,09.73,3
0015.0778,09.73,3
0015.2417,09.73,3
0015.4056,09.73,3
0015.5695,09.73,3
0015.7334,09.73,3
0015.8973,09.72,3
0016.0612,09.72,3
0016.2251,09.72,3
0016.3890,09.72,3
0016.5529,09.72,3
0016.7167,09.72,3
0016.8806,09.72,3
0017.0445,09.72,3
0017.2084,09.71,3
0017.3723,09.71,3
0017.5362,09.71,3
0017.7001,09.71,3
0017.8640,09.71,3
0018.0279,09.71,3
0018.1918,09.71,3
0018.3556,09.71,3
0018.5195,09.71,3
0018.6834,09.71,3
0018.8473,09.71,3
0019.0112,09.71,3
0019.1751,09.71,3
0019.3390,09.71,3
0019.5029,09.71,3
0019.6668,09.71,3
0019.8306,09.71,3
0019.9945,09.71,3
0020.1584,09.71,3
0020.3223,09.71,3
0020.4862,09.71,3
0020.6501,09.71,3
0020.8140,09.71,3
0020.9779,09.71,3
0021.1418,09.71,3
0021.3057,09.70,3
0021.4695,09.70,3
0021.6334,09.70,3
0021.7973,09.71,3
0021.9612,09.71,3
0022.1251,09.71,3
0022.2890,09.71,3
0022.4529,09.71,3
0022.6168,09.71,3
0022.7807,09.71,3
0022.9446,09.71,3
0023.1084,09.71,3
0023.2723,09.71,3
0023.4362,09.71,3
0023.6001,09.72,3
0023.7640,09.72,3
0023.9279,09.72,3
0024.0918,09.72,3
0024.2557,09.72,3
0024.4196,09.73,3
0024.5834,09.73,3
0024.7473,09.73,3
0024.9112,09.73,3
0025.0751,09.73,3
0025.2390,09.74,3
0025.4029,09.74,3
0025.5668,09.74,3
0025.7307,09.74,3
0025.8946,09.75,3
0026.0585,09.75,3
0026.2223,09.75,3
0026.3862,09.75,3
0026.5501,09.76,3
0026.7140,09.76,3
0026.8779,09.76,3
0027.0418,09.76,3
0027.2057,09.76,3
0027.3696,09.76,3
0027.5335,09.77,3
0027.6974,09.77,3
0027.8612,09.77,3
0028.0251,09.78,3
0028.1890,09.78,3
0028.3529,09.78,3
0028.5168,09.79,3
0028.6807,09.79,3
0028.8446,09.79,3
0029.0085,09.79,3
0029.1724,09.80,3
0029.3362,09.80,3
0029.5001,09.80,3
0029.6640,09.80,3
0029.8279,09.81,3
0029.9918,09.81,3
0030.1557,09.82,3
0030.3196,09.82,3
0030.4835,09.83,3
0030.6474,09.83,3
0030.8113,09.83,3
0030.9751,09.83,3
0031.1390,09.83,3
0031.3029,09.84,3
0031.4668,09.84,3
0031.6307,09.84,3
0031.7946,09.85,3
0031.9585,09.85,3
0032.1224,09.85,3
0032.2863,09.86,3
0032.4502,09.86,3
0032.6140,09.87,3
0032.7779,09.87,3
0032.9418,09.87,3
0033.1057,09.87,3
0033.2696,09.88,3
0033.4335,09.88,3
0033.5974,09.88,3
0033.7613,09.88,3
0033.9252,09.89,3
0034.0890,09.89,3
0034.2529,09.90,3
0034.4168,09.90,3
0034.5807,09.90,3
0034.7446,09.91,3
0034.9085,09.91,3
0035.0724,09.91,3
0035.2363,09.91,3
0035.4002,09.91,3
0035.5641,09.91,3
0035.7279,09.91,3
0035.8918,09.91,3
0036.0557,09.92,3
0036.2196,09.92,3
0036.3835,09.92,3
0036.5474,09.93,3
0036.7113,09.93,3
0036.8752,09.93,3
0037.0391,09.93,3
0037.2030,09.93,3
0037.3668,09.94,3
0037.5307,09.94,3
0037.6946,09.94,3
0037.8585,09.94,3
0038.0224,09.94,3
0038.1863,09.95,3
0038.3502,09.95,3
0038.5141,09.95,3
0038.6780,09.95,3
0038.8418,09.95,3
0039.0057,09.95,3
0039.1696,09.95,3
0039.3335,09.96,3
0039.4974,09.96,3
0039.6613,09.96,3
0039.8252,09.96,3
0039.9891,09.96,3
0040.1530,09.97,3
0040.3169,09.97,3
0040.4807,09.97,3
0040.6446,09.97,3
0040.8085,09.97,3
0040.9724,09.97,3
0041.1363,09.98,3
0041.3002,09.98,3
0041.4641,09.98,3
0041.6280,09.98,3
0041.7919,09.98,3
0041.9557,09.99,3
0042.1196,09.99,3
0042.2835,09.99,3
0042.4474,09.99,3
0042.6113,09.99,3
0042.7752,09.99,3
0042.9391,09.99,3
0043.1030,09.99,3
0043.2669,09.99,3
0043.4308,09.99,3
0043.5946,09.99,3
0043.7585,09.99,3
0043.9224,09.99,3
0044.0863,09.99,3
0044.2502,10.00,3
0044.4141,09.99,3
0044.5780,09.99,3
0044.7419,09.99,3
0044.9058,09.98,3
0045.0697,09.98,3
0045.2335,09.98,3
0045.3974,09.98,3
0045.5613,09.98,3
0045.7252,09.97,3
0045.8891,09.97,1
0046.0530,09.97,1
0046.2169,09.97,1
0046.3808,09.97,1
0046.5447,09.96,1
0046.7085,09.96,1
0046.8724,09.96,1
0047.0363,09.95,1
0047.2002,09.95,1
0047.3641,09.95,1
0047.5280,09.94,1
0047.6919,09.94,1
0047.8558,09.94,1
0048.0197,09.93,1
0048.1836,09.93,1
0048.3474,09.93,1
0048.5113,09.92,1
0048.6752,09.92,1
0048.8391,09.91,1
0049.0030,09.90,1
0049.1669,09.90,1
0049.3308,09.90,1
0049.4947,09.89,1
0049.6586,09.89,1
0049.8225,09.89,1
0049.9863,09.88,1
0050.1502,09.88,1
0050.3141,09.88,1
0050.4780,09.87,6
0050.6419,09.86,6
0050.8058,09.86,6
0050.9697,09.85,6
0051.1336,09.85,6
0051.2975,09.84,6
0051.4613,09.84,6
0051.6252,09.83,6
0051.7891,09.83,6
0051.9530,09.83,6
0052.1169,09.82,6
0052.2808,09.82,6
0052.4447,09.81,6
0052.6086,09.80,6
0052.7725,09.80,6
0052.9364,09.79,6
0053.1002,09.78,6
0053.2641,09.78,6
0053.4280,09.78,6
0053.5919,09.77,6
0053.7558,09.77,6
0053.9197,09.76,6
0054.0836,09.76,6
0054.2475,09.75,6
0054.4114,09.75,6
0054.5753,09.74,6
0054.7391,09.73,6
0054.9030,09.73,6
0055.0669,09.72,6
0055.2308,09.72,6
0055.3947,09.71,6
0055.5586,09.71,6
0055.7225,09.71,6
0055.8864,09.70,6
0056.0503,09.70,6
0056.2141,09.69,6
0056.3780,09.69,6
0056.5419,09.68,6
0056.7058,09.68,6
0056.8697,09.67,6
0057.0336,09.67,6
0057.1975,09.66,6
0057.3614,09.65,6
0057.5253,09.65,6
0057.6892,09.65,6
0057.8530,09.64,6
0058.0169,09.64,6
0058.1808,09.64,6
0058.3447,09.63,6
0058.5086,09.62,6
0058.6725,09.62,6
0058.8364,09.61,6
0059.0003,09.61,6
0059.1642,09.60,6
0059.3281,09.59,6
0059.4919,09.59,6
0059.6558,09.59,6
0059.8197,09.58,6
0059.9836,09.58,6
0060.1475,09.57,6
0060.3114,09.57,6
0060.4753,09.57,6
0060.6392,09.56,6
0060.8031,09.56,6
0060.9669,09.55,6
0061.1308,09.55,6
0061.2947,09.54,6
0061.4586,09.54,6
0061.6225,09.53,6
0061.7864,09.53,6
0061.9503,09.53,6
0062.1142,09.52,6
0062.2781,09.51,6
0062.4420,09.51,6
0062.6058,09.51,6
0062.7697,09.50,6
0062.9336,09.50,6
0063.0975,09.50,6
0063.2614,09.49,6
0063.4253,09.48,6
0063.5892,09.48,6
0063.7531,09.47,6
0063.9170,09.47,6
0064.0809,09.47,6
0064.2447,09.46,6
0064.4086,09.46,6
0064.5725,09.45,6
0064.7364,09.45,6
0064.9003,09.45,6
0065.0642,09.45,6
0065.2281,09.45,6
0065.3920,09.44,6
0065.5559,09.43,6
0065.7197,09.43,6
0065.8836,09.43,6
0066.0475,09.42,6
0066.2114,09.42,6
0066.3753,09.42,6
0066.5392,09.42,6
0066.7031,09.42,6
0066.8670,09.42,6
0067.0309,09.41,6
0067.1948,09.41,6
0067.3586,09.41,6
0067.5225,09.41,6
0067.6864,09.41,6
0067.8503,09.40,6
0068.0142,09.40,6
0068.1781,09.40,6
0068.3420,09.40,6
0068.5059,09.40,6
0068.6698,09.40,6
0068.8337,09.40,6
0068.9975,09.40,6
0069.1614,09.40,6
0069.3253,09.40,6
0069.4892,09.40,6
0069.6531,09.40,6
0069.8170,09.39,6
0069.9809,09.39,6
0070.1448,09.39,6
0070.3087,09.39,6
0070.4725,09.39,6
0070.6364,09.39,6
0070.8003,09.39,6
0070.9642,09.39,6
0071.1281,09.39,6
0071.2920,09.39,6
0071.4559,09.39,6
0071.6198,09.39,6
0071.7837,09.39,6
0071.9476,09.39,6
0072.1114,09.39,6
0072.2753,09.39,6
0072.4392,09.39,6
0072.6031,09.39,6
0072.7670,09.39,6
0072.9309,09.39,6
0073.0948,09.39,6
0073.2587,09.40,6
0073.4226,09.40,6
0073.5865,09.40,6
0073.7503,09.40,6
0073.9142,09.41,6
0074.0781,09.41,6
0074.2420,09.41,6
0074.4059,09.41,6
0074.5698,09.41,6
0074.7337,09.41,6
0074.8976,09.42,6
0075.0615,09.42,6
0075.2253,09.42,6
0075.3892,09.42,6
0075.5531,09.42,6
0075.7170,09.43,6
0075.8809,09.43,6
0076.0448,09.43,6
0076.2087,09.43,6
0076.3726,09.43,6
0076.5365,09.43,6
0076.7004,09.43,6
0076.8642,09.43,6
0077.0281,09.43,6
0077.1920,09.44,6
0077.3559,09.44,6
0077.5198,09.44,6
0077.6837,09.45,6
0077.8476,09.45,6
0078.0115,09.45,6
0078.1754,09.45,6
0078.3393,09.45,6
0078.5031,09.46,6
0078.6670,09.46,6
0078.8309,09.46,6
0078.9948,09.46,6
0079.1587,09.46,6
0079.3226,09.46,6
0079.4865,09.46,6
0079.6504,09.47,6
0079.8143,09.47,6
0079.9781,09.47,6
0080.1420,09.47,6
0080.3059,09.47,6
0080.4698,09.48,6
0080.6337,09.48,6
0080.7976,09.48,6
0080.9615,09.48,6
0081.1254,09.48,6
0081.2893,09.48,6
0081.4532,09.48,6
0081.6170,09.49,6
0081.7809,09.49,6
0081.9448,09.49,6
0082.1087,09.49,6
0082.2726,09.49,6
0082.4365,09.49,6
0082.6004,09.49,6
0082.7643,09.49,6
0082.9282,09.49,6
0083.0921,09.49,6
0083.2559,09.49,6
0083.4198,09.49,6
0083.5837,09.49,6
0083.7476,09.49,6
0083.9115,09.50,6
0084.0754,09.50,6
0084.2393,09.50,6
0084.4032,09.50,6
0084.5671,09.50,6
0084.7309,09.50,6
0084.8948,09.50,6
0085.0587,09.50,6
0085.2226,09.50,6
0085.3865,09.50,6
0085.5504,09.50,6
0085.7143,09.50,6
0085.8782,09.50,6
0086.0421,09.50,6
0086.2060,09.50,6
0086.3698,09.50,6
0086.5337,09.50,6
0086.6976,09.50,6
0086.8615,09.50,6
0087.0254,09.50,6
0087.1893,09.50,6
0087.3532,09.50,6
0087.5171,09.50,6
0087.6810,09.50,6
0087.8449,09.50,6
0088.0087,09.50,6
0088.1726,09.50,6
0088.3365,09.50,6
0088.5004,09.50,6
0088.6643,09.50,6
0088.8282,09.50,6
0088.9921,09.50,6
0089.1560,09.50,6
0089.3199,09.50,6
0089.4837,09.50,6
0089.6476,09.50,6
0089.8115,09.50,6
0089.9754,09.51,6
0090.1393,09.51,6
0090.3032,09.51,6
0090.4671,09.51,6
0090.6310,09.51,6
0090.7949,09.51,6
0090.9588,09.51,6
0091.1226,09.52,6
0091.2865,09.52,6
0091.4504,09.52,6
0091.6143,09.52,6
0091.7782,09.52,6
0091.9421,09.52,6
0092.1060,09.53,6
0092.2699,09.53,6
0092.4338,09.53,6
0092.5977,09.53,6
0092.7615,09.54,6
0092.9254,09.54,6
0093.0893,09.54,6
0093.2532,09.55,6
0093.4171,09.55,6
0093.5810,09.55,6
0093.7449,09.56,6
0093.9088,09.56,6
0094.0727,09.56,6
0094.2365,09.57,6
0094.4004,09.57,6
0094.5643,09.58,6
0094.7282,09.58,6
0094.8921,09.58,6
0095.0560,09.59,6
0095.2199,09.59,6
0095.3838,09.59,6
0095.5477,09.60,6
0095.7116,09.60,6
0095.8754,09.60,6
0096.0393,09.60,6
0096.2032,09.61,6
0096.3671,09.61,6
0096.5310,09.61,6
0096.6949,09.62,6
0096.8588,09.62,6
0097.0227,09.63,6
0097.1866,09.63,6
0097.3505,09.64,6
0097.5143,09.64,6
0097.6782,09.64,6
0097.8421,09.65,6
0098.0060,09.65,6
0098.1699,09.66,6
0098.3338,09.66,6
0098.4977,09.66,6
0098.6616,09.67,6
0098.8255,09.67,6
0098.9893,09.67,6
0099.1532,09.67,6
0099.3171,09.68,6
0099.4810,09.68,6
0099.6449,09.69,6
0099.8088,09.69,6
0099.9727,09.69,6
0100.1366,09.70,6
0100.3005,09.70,6
0100.4644,09.71,6
0100.6282,09.71,6
0100.7921,09.71,6
0100.9560,09.71,6
0101.1199,09.72,6
0101.2838,09.72,6
0101.4477,09.73,6
0101.6116,09.73,6
0101.7755,09.73,6
0101.9394,09.74,6
0102.1033,09.74,6
0102.2671,09.74,6
0102.4310,09.75,6
0102.5949,09.75,6
0102.7588,09.75,6
0102.9227,09.75,6
0103.0866,09.75,6
0103.2505,09.76,6
0103.4144,09.77,6
0103.5783,09.77,6
0103.7421,09.78,6
0103.9060,09.78,6
0104.0699,09.78,6
0104.2338,09.79,6
0104.3977,09.79,6
0104.5616,09.79,6
0104.7255,09.80,6
0104.8894,09.80,6
0105.0533,09.81,6
0105.2172,09.81,6
0105.3810,09.81,6
0105.5449,09.82,6
0105.7088,09.82,6
0105.8727,09.83,6
0106.0366,09.84,6
0106.2005,09.84,6
0106.3644,09.84,6
0106.5283,09.85,6
0106.6922,09.85,6
0106.8561,09.86,6
0107.0199,09.86,6
0107.1838,09.87,6
0107.3477,09.87,6
0107.5116,09.88,6
0107.6755,09.88,6
0107.8394,09.89,6
0108.0033,09.89,6
0108.1672,09.90,6
0108.3311,09.91,6
0108.4949,09.91,6
0108.6588,09.91,6
0108.8227,09.92,6
0108.9866,09.92,6
0109.1505,09.93,6
0109.3144,09.94,6
0109.4783,09.94,6
0109.6422,09.94,6
0109.8061,09.95,6
0109.9700,09.95,6
0110.1338,09.96,6
0110.2977,09.97,6
0110.4616,09.97,6
0110.6255,09.97,6
0110.7894,09.98,6
0110.9533,09.99,6
0111.1172,09.99,6
0111.2811,10.00,6
0111.4450,10.00,6
0111.6089,10.01,6
0111.7727,10.01,6
0111.9366,10.02,6
0112.1005,10.02,6
0112.2644,10.03,6
0112.4283,10.03,6
0112.5922,10.04,6
0112.7561,10.05,6
0112.9200,10.05,6
0113.0839,10.06,6
0113.2477,10.06,6
0113.4116,10.07,6
0113.5755,10.07,6
0113.7394,10.08,6
0113.9033,10.08,6
0114.0672,10.09,6
0114.2311,10.09,6
0114.3950,10.10,6
0114.5589,10.11,6
0114.7228,10.11,6
0114.8866,10.12,6
0115.0505,10.13,6
0115.2144,10.13,6
0115.3783,10.14,6
0115.5422,10.15,6
0115.7061,10.15,6
0115.8700,10.16,6
0116.0339,10.16,6
0116.1978,10.16,6
0116.3616,10.17,6
0116.5255,10.18,6
0116.6894,10.18,6
0116.8533,10.19,6
0117.0172,10.19,6
0117.1811,10.20,6
0117.3450,10.21,6
0117.5089,10.21,6
0117.6728,10.22,6
0117.8367,10.23,6
0118.0005,10.23,6
0118.1644,10.24,6
0118.3283,10.24,6
0118.4922,10.25,6
0118.6561,10.26,6
0118.8200,10.26,6
0118.9839,10.27,6
0119.1478,10.27,6
0119.3117,10.28,6
0119.4756,10.28,6
0119.6394,10.29,6
0119.8033,10.29,6
0119.9672,10.29,6
0120.1311,10.30,6
0120.2950,10.31,6
0120.4589,10.31,6
0120.6228,10.31,6
0120.7867,10.32,6
0120.9506,10.33,6
0121.1144,10.34,6
0121.2783,10.34,6
0121.4422,10.34,6
0121.6061,10.35,6
0121.7700,10.35,6
0121.9339,10.35,6
0122.0978,10.36,6
0122.2617,10.37,6
0122.4256,10.37,6
0122.5895,10.37,6
0122.7533,10.38,6
0122.9172,10.38,6
0123.0811,10.39,6
0123.2450,10.39,6
0123.4089,10.39,6
0123.5728,10.40,6
0123.7367,10.40,6
0123.9006,10.41,6
0124.0645,10.41,6
0124.2284,10.41,6
0124.3922,10.42,6
0124.5561,10.42,6
0124.7200,10.43,6
0124.8839,10.43,6
0125.0478,10.43,6
0125.2117,10.43,6
0125.3756,10.44,6
0125.5395,10.44,6
0125.7034,10.44,6
0125.8672,10.44,6
0126.0311,10.45,6
0126.1950,10.45,6
0126.3589,10.45,6
0126.5228,10.46,6
0126.6867,10.46,6
0126.8506,10.46,6
0127.0145,10.47,6
0127.1784,10.47,6
0127.3423,10.47,6
0127.5061,10.47,6
0127.6700,10.47,6
0127.8339,10.47,6
0127.9978,10.48,6
0128.1617,10.48,6
0128.3256,10.49,6
0128.4895,10.49,6
0128.6534,10.49,6
0128.8173,10.50,6
0128.9812,10.50,6
0129.1450,10.50,6
0129.3089,10.50,6
0129.4728,10.50,6
0129.6367,10.50,6
0129.8006,10.50,6
0129.9645,10.51,6
0130.1284,10.52,6
0130.2923,10.52,6
0130.4562,10.52,6
0130.6200,10.52,6
0130.7839,10.52,6
0130.9478,10.53,6
0131.1117,10.53,6
0131.2756,10.53,6
0131.4395,10.53,6
0131.6034,10.53,6
0131.7673,10.53,6
0131.9312,10.54,6
0132.0951,10.54,6
0132.2589,10.54,6
0132.4228,10.54,6
0132.5867,10.55,6
0132.7506,10.55,6
0132.9145,10.55,6
0133.0784,10.55,6
0133.2423,10.55,6
0133.4062,10.55,6
0133.5701,10.55,6
0133.7340,10.55,6
0133.8978,10.56,6
0134.0617,10.56,6
0134.2256,10.57,6
0134.3895,10.57,6
0134.5534,10.57,6
0134.7173,10.57,6
0134.8812,10.57,6
0135.0451,10.57,6
0135.2090,10.57,6
0135.3728,10.57,6
0135.5367,10.58,6
0135.7006,10.58,6
0135.8645,10.58,6
0136.0284,10.58,6
0136.1923,10.58,6
0136.3562,10.58,6
0136.5201,10.58,6
0136.6840,10.58,6
0136.8479,10.58,6
0137.0117,10.58,6
0137.1756,10.58,6
0137.3395,10.58,6
0137.5034,10.58,6
0137.6673,10.59,6
0137.8312,10.59,6
0137.9951,10.59,6
0138.1590,10.59,6
0138.3229,10.59,6
0138.4868,10.59,6
0138.6506,10.59,6
0138.8145,10.59,6
0138.9784,10.59,6
0139.1423,10.59,6
0139.3062,10.59,6
0139.4701,10.59,6
0139.6340,10.59,6
0139.7979,10.59,6
0139.9618,10.59,6
0140.1256,10.59,6
0140.2895,10.59,6
0140.4534,10.59,6
0140.6173,10.59,6
0140.7812,10.59,6
0140.9451,10.59,6
0141.1090,10.59,6
0141.2729,10.59,6
0141.4368,10.59,6
0141.6007,10.59,6
0141.7645,10.59,6
0141.9284,10.59,6
0142.0923,10.59,6
0142.2562,10.59,6
0142.4201,10.59,6
0142.5840,10.59,6
0142.7479,10.58,6
0142.9118,10.58,6
0143.0757,10.58,6
0143.2396,10.58,6
0143.4034,10.58,6
0143.5673,10.58,6
0143.7312,10.58,6
0143.8951,10.58,6
0144.0590,10.58,6
0144.2229,10.58,6
0144.3868,10.58,6
0144.5507,10.57,6
0144.7146,10.57,6
0144.8784,10.57,6
0145.0423,10.57,6
0145.2062,10.57,6
0145.3701,10.57,6
0145.5340,10.57,6
0145.6979,10.56,6
0145.8618,10.56,6
0146.0257,10.56,6
0146.1896,10.56,6
0146.3535,10.56,6
0146.5173,10.55,6
0146.6812,10.55,6
0146.8451,10.55,6
0147.0090,10.55,6
0147.1729,10.55,6
0147.3368,10.55,6
0147.5007,10.55,6
0147.6646,10.54,6
0147.8285,10.54,6
0147.9924,10.54,6
0148.1562,10.53,6
0148.3201,10.53,6
0148.4840,10.52,6
0148.6479,10.52,6
0148.8118,10.52,6
0148.9757,10.52,6
0149.1396,10.52,6
0149.3035,10.52,6
0149.4674,10.51,6
0149.6312,10.51,6
0149.7951,10.51,6
0149.9590,10.51,6
0150.1229,10.50,6
0150.2868,10.50,6
0150.4507,10.49,6
0150.6146,10.49,6
0150.7785,10.49,6
0150.9424,10.49,6
0151.1063,10.49,6
0151.2701,10.49,6
0151.4340,10.48,6
0151.5979,10.48,6
0151.7618,10.48,6
0151.9257,10.48,6
0152.0896,10.48,6
0152.2535,10.48,6
0152.4174,10.47,6
0152.5813,10.47,6
0152.7452,10.47,6
0152.9090,10.47,6
0153.0729,10.47,6
0153.2368,10.47,6
0153.4007,10.46,6
0153.5646,10.46,6
0153.7285,10.46,6
0153.8924,10.46,6
0154.0563,10.45,6
0154.2202,10.45,6
0154.3840,10.45,6
0154.5479,10.45,6
0154.7118,10.45,6
0154.8757,10.44,6
0155.0396,10.44,6
0155.2035,10.44,6
0155.3674,10.44,6
0155.5313,10.44,6
0155.6952,10.44,6
0155.8591,10.44,6
0156.0229,10.43,6
0156.1868,10.43,6
0156.3507,10.43,6
0156.5146,10.42,6
0156.6785,10.42,6
0156.8424,10.42,6
0157.0063,10.41,6
0157.1702,10.41,6
0157.3341,10.41,6
0157.4980,10.41,6
0157.6618,10.41,6
0157.8257,10.40,6
0157.9896,10.40,6
0158.1535,10.40,6
0158.3174,10.39,6
0158.4813,10.39,6
0158.6452,10.39,6
0158.8091,10.38,6
0158.9730,10.38,6
0159.1368,10.37,6
0159.3007,10.37,6
0159.4646,10.36,6
0159.6285,10.36,6
0159.7924,10.35,6
0159.9563,10.34,6
0160.1202,10.34,6
0160.2841,10.33,6
0160.4480,10.32,6
0160.6119,10.32,6
0160.7757,10.31,6
0160.9396,10.30,6
0161.1035,10.29,6
0161.2674,10.29,6
0161.4313,10.28,6
0161.5952,10.27,6
0161.7591,10.27,6
0161.9230,10.27,6
0162.0869,10.26,6
0162.2508,10.25,6
0162.4146,10.24,6
0162.5785,10.23,6
0162.7424,10.22,6
0162.9063,10.21,6
0163.0702,10.20,6
0163.2341,10.19,6
0163.3980,10.18,6
0163.5619,10.18,6
0163.7258,10.17,6
0163.8896,10.16,6
0164.0535,10.15,6
0164.2174,10.14,6
0164.3813,10.13,6
0164.5452,10.12,6
0164.7091,10.11,6
0164.8730,10.10,6
0165.0369,10.09,6
0165.2008,10.08,6
0165.3647,10.07,6
0165.5285,10.06,6
0165.6924,10.05,6
0165.8563,10.04,6
0166.0202,10.03,6
0166.1841,10.02,6
0166.3480,10.01,6
0166.5119,10.00,6
0166.6758,09.99,6
0166.8397,09.98,6
0167.0036,09.97,6
0167.1674,09.96,6
0167.3313,09.95,6
0167.4952,09.94,6
0167.6591,09.93,6
0167.8230,09.91,6
0167.9869,09.91,6
0168.1508,09.89,6
0168.3147,09.88,6
0168.4786,09.88,6
0168.6424,09.86,6
0168.8063,09.86,6
0168.9702,09.85,6
0169.1341,09.83,6
0169.2980,09.83,6
0169.4619,09.82,6
0169.6258,09.80,6
0169.7897,09.80,6
0169.9536,09.79,6
0170.1175,09.78,6
0170.2813,09.76,6
0170.4452,09.76,6
0170.6091,09.75,6
0170.7730,09.74,6
0170.9369,09.73,6
0171.1008,09.72,6
0171.2647,09.71,6
0171.4286,09.70,6
0171.5925,09.69,6
0171.7564,09.68,6
0171.9202,09.67,6
0172.0841,09.66,6
0172.2480,09.66,6
0172.4119,09.65,6
0172.5758,09.63,1
0172.7397,09.63,1
0172.9036,09.62,1
0173.0675,09.61,1
0173.2314,09.60,1
0173.3952,09.59,1
0173.5591,09.58,1
0173.7230,09.57,1
0173.8869,09.56,1
0174.0508,09.55,1
0174.2147,09.54,1
0174.3786,09.53,1
0174.5425,09.52,1
0174.7064,09.51,1
0174.8703,09.51,1
0175.0341,09.50,1
0175.1980,09.49,1
0175.3619,09.48,1
0175.5258,09.47,1
0175.6897,09.46,1
0175.8536,09.45,1
0176.0175,09.44,1
0176.1814,09.43,1
0176.3453,09.42,1
0176.5092,09.41,1
0176.6730,09.41,1
0176.8369,09.40,1
0177.0008,09.39,6
0177.1647,09.39,6
0177.3286,09.37,6
0177.4925,09.36,6
0177.6564,09.36,6
0177.8203,09.35,6
0177.9842,09.34,6
0178.1480,09.33,6
0178.3119,09.32,6
0178.4758,09.31,6
0178.6397,09.30,6
0178.8036,09.30,6
0178.9675,09.29,6
0179.1314,09.28,6
0179.2953,09.28,6
0179.4592,09.27,6
0179.6231,09.27,6
0179.7869,09.25,6
0179.9508,09.25,6
0180.1147,09.24,6
0180.2786,09.23,6
0180.4425,09.22,6
0180.6064,09.22,6
0180.7703,09.21,6
0180.9342,09.20,6
0181.0981,09.19,6
0181.2620,09.19,6
0181.4258,09.19,6
0181.5897,09.18,6
0181.7536,09.17,6
0181.9175,09.17,6
0182.0814,09.16,6
0182.2453,09.16,6
0182.4092,09.16,6
0182.5731,09.14,6
0182.7370,09.14,6
0182.9008,09.14,6
0183.0647,09.13,6
0183.2286,09.12,6
0183.3925,09.12,6
0183.5564,09.11,6
0183.7203,09.11,6
0183.8842,09.10,6
0184.0481,09.10,6
0184.2120,09.09,6
0184.3759,09.09,6
0184.5397,09.08,6
0184.7036,09.08,6
0184.8675,09.07,6
0185.0314,09.06,6
0185.1953,09.06,6
0185.3592,09.06,6
0185.5231,09.05,6
0185.6870,09.05,6
0185.8509,09.04,6
0186.0148,09.04,6
0186.1786,09.04,6
0186.3425,09.03,6
0186.5064,09.03,6
0186.6703,09.02,6
0186.8342,09.01,6
0186.9981,09.01,6
0187.1620,09.00,6
0187.3259,09.00,6
0187.4898,09.00,6
0187.6536,08.99,6
0187.8175,08.99,6
0187.9814,08.98,6
0188.1453,08.98,6
0188.3092,08.98,6
0188.4731,08.97,6
0188.6370,08.97,6
0188.8009,08.96,6
0188.9648,08.96,6
0189.1287,08.95,6
0189.2925,08.95,6
0189.4564,08.95,6
0189.6203,08.94,6
0189.7842,08.94,6
0189.9481,08.94,6
0190.1120,08.93,6
0190.2759,08.93,6
0190.4398,08.93,6
0190.6037,08.92,6
0190.7675,08.92,6
0190.9314,08.91,6
0191.0953,08.91,6
0191.2592,08.90,6
0191.4231,08.90,6
0191.5870,08.89,6
0191.7509,08.89,6
0191.9148,08.89,6
0192.0787,08.89,6
0192.2426,08.89,6
0192.4064,08.89,6
0192.5703,08.88,6
0192.7342,08.88,6
0192.8981,08.88,6
0193.0620,08.87,6
0193.2259,08.87,6
0193.3898,08.86,6
0193.5537,08.86,6
0193.7176,08.86,6
0193.8815,08.85,6
0194.0453,08.85,6
0194.2092,08.85,6
0194.3731,08.85,6
0194.5370,08.84,6
0194.7009,08.84,6
0194.8648,08.84,6
0195.0287,08.84,6
0195.1926,08.84,6
0195.3565,08.83,6
0195.5203,08.83,6
0195.6842,08.83,6
0195.8481,08.82,6
0196.0120,08.82,6
0196.1759,08.82,6
0196.3398,08.82,6
0196.5037,08.81,6
0196.6676,08.81,6
0196.8315,08.81,6
0196.9954,08.81,6
0197.1592,08.81,6
0197.3231,08.80,6
0197.4870,08.80,6
0197.6509,08.79,6
0197.8148,08.79,6
0197.9787,08.79,6
0198.1426,08.79,6
0198.3065,08.78,6
0198.4704,08.78,6
0198.6343,08.78,6
0198.7981,08.77,6
0198.9620,08.77,6
0199.1259,08.77,6
0199.2898,08.77,6
0199.4537,08.77,6
0199.6176,08.76,6
0199.7815,08.76,6
0199.9454,08.76,6
0200.1093,08.75,6
0200.2731,08.75,6
0200.4370,08.74,6
0200.6009,08.74,6
0200.7648,08.73,6
0200.9287,08.73,6
0201.0926,08.73,6
0201.2565,08.73,6
0201.4204,08.73,6
0201.5843,08.72,6
0201.7482,08.72,6
0201.9120,08.72,6
0202.0759,08.72,6
0202.2398,08.71,6
0202.4037,08.71,6
0202.5676,08.71,6
0202.7315,08.70,6
0202.8954,08.70,6
0203.0593,08.70,6
0203.2232,08.69,6
0203.3871,08.69,6
0203.5509,08.69,6
0203.7148,08.69,6
0203.8787,08.68,6
0204.0426,08.68,6
0204.2065,08.68,6
0204.3704,08.67,6
0204.5343,08.67,6
0204.6982,08.67,6
0204.8621,08.66,6
0205.0259,08.66,6
0205.1898,08.66,6
0205.3537,08.65,6
0205.5176,08.65,6
0205.6815,08.65,6
0205.8454,08.65,6
0206.0093,08.65,6
0206.1732,08.65,6
0206.3371,08.64,6
0206.5010,08.64,6
0206.6648,08.64,6
0206.8287,08.64,6
0206.9926,08.63,6
0207.1565,08.63,6
0207.3204,08.63,6
0207.4843,08.63,6
0207.6482,08.63,6
0207.8121,08.62,6
0207.9760,08.62,6
0208.1399,08.62,6
0208.3037,08.62,6
0208.4676,08.62,6
0208.6315,08.62,6
0208.7954,08.62,6
0208.9593,08.62,6
0209.1232,08.62,6
0209.2871,08.63,6
0209.4510,08.63,6
0209.6149,08.63,6
0209.7787,08.63,6
0209.9426,08.63,6
0210.1065,08.63,6
0210.2704,08.63,6
0210.4343,08.63,6
0210.5982,08.63,6
0210.7621,08.64,6
0210.9260,08.64,6
0211.0899,08.64,6
0211.2538,08.64,6
0211.4176,08.64,6
0211.5815,08.64,6
0211.7454,08.64,6
0211.9093,08.64,6
0212.0732,08.64,6
0212.2371,08.64,6
0212.4010,08.64,6
0212.5649,08.65,6
0212.7288,08.65,6
0212.8927,08.66,6
0213.0565,08.66,6
0213.2204,08.66,6
0213.3843,08.67,6
0213.5482,08.67,6
0213.7121,08.67,6
0213.8760,08.67,6
0214.0399,08.67,6
0214.2038,08.67,6
0214.3677,08.67,6
0214.5315,08.67,6
0214.6954,08.67,6
0214.8593,08.68,6
0215.0232,08.68,6
0215.1871,08.69,6
0215.3510,08.69,6
0215.5149,08.69,6
0215.6788,08.70,6
0215.8427,08.70,6
0216.0066,08.70,6
0216.1704,08.70,6
0216.3343,08.70,6
0216.4982,08.71,6
0216.6621,08.71,6
0216.8260,08.71,6
0216.9899,08.71,6
0217.1538,08.71,6
0217.3177,08.72,6
0217.4816,08.72,6
0217.6455,08.73,6
0217.8093,08.73,6
0217.9732,08.74,6
0218.1371,08.74,6
0218.3010,08.74,6
0218.4649,08.74,6
0218.6288,08.74,6
0218.7927,08.74,6
0218.9566,08.74,6
0219.1205,08.74,6
0219.2843,08.75,6
0219.4482,08.75,6
0219.6121,08.75,6
0219.7760,08.76,6
0219.9399,08.77,6
0220.1038,08.77,6
0220.2677,08.77,6
0220.4316,08.77,6
0220.5955,08.77,6
0220.7594,08.77,6
0220.9232,08.77,6
0221.0871,08.77,6
0221.2510,08.77,6
0221.4149,08.77,6
0221.5788,08.77,6
0221.7427,08.78,6
0221.9066,08.78,6
0222.0705,08.78,6
0222.2344,08.79,6
0222.3983,08.79,6
0222.5621,08.79,6
0222.7260,08.79,6
0222.8899,08.79,6
0223.0538,08.79,6
0223.2177,08.78,6
0223.3816,08.78,6
0223.5455,08.78,6
0223.7094,08.79,6
0223.8733,08.79,6
0224.0371,08.79,6
0224.2010,08.79,6
0224.3649,08.79,6
0224.5288,08.80,6
0224.6927,08.80,6
0224.8566,08.80,6
0225.0205,08.80,6
0225.1844,08.79,6
0225.3483,08.79,6
0225.5122,08.79,6
0225.6760,08.79,6
0225.8399,08.79,6
0226.0038,08.79,6
0226.1677,08.79,6
0226.3316,08.79,6
0226.4955,08.79,6
0226.6594,08.79,6
0226.8233,08.79,6
0226.9872,08.79,6
0227.1511,08.79,6
0227.3149,08.79,6
0227.4788,08.79,6
0227.6427,08.78,6
0227.8066,08.78,6
0227.9705,08.78,6
0228.1344,08.78,6
0228.2983,08.78,6
0228.4622,08.78,6
0228.6261,08.78,6
0228.7899,08.79,6
0228.9538,08.79,6
0229.1177,08.79,6
0229.2816,08.79,6
0229.4455,08.79,6
0229.6094,08.78,6
0229.7733,08.78,6
0229.9372,08.78,6
0230.1011,08.78,6
0230.2650,08.78,6
0230.4288,08.78,6
0230.5927,08.78,6
0230.7566,08.78,6
0230.9205,08.79,6
0231.0844,08.79,6
0231.2483,08.79,6
0231.4122,08.79,6
0231.5761,08.79,6
0231.7400,08.78,6
0231.9039,08.78,6
0232.0677,08.78,6
0232.2316,08.78,6
0232.3955,08.78,6
0232.5594,08.78,6
0232.7233,08.78,6
0232.8872,08.78,6
0233.0511,08.78,6
0233.2150,08.78,6
0233.3789,08.78,6
0233.5427,08.78,6
0233.7066,08.78,6
0233.8705,08.78,6
0234.0344,08.78,6
0234.1983,08.78,6
0234.3622,08.78,6
0234.5261,08.77,6
0234.6900,08.77,6
0234.8539,08.78,6
0235.0178,08.78,6
0235.1816,08.78,6
0235.3455,08.77,6
0235.5094,08.77,6
0235.6733,08.77,6
0235.8372,08.77,6
0236.0011,08.77,6
0236.1650,08.77,6
0236.3289,08.77,6
0236.4928,08.77,6
0236.6567,08.77,6
0236.8205,08.77,6
0236.9844,08.77,6
0237.1483,08.77,6
0237.3122,08.77,6
0237.4761,08.77,6
0237.6400,08.77,6
0237.8039,08.77,6
0237.9678,08.77,6
0238.1317,08.76,6
0238.2955,08.76,6
0238.4594,08.76,6
0238.6233,08.76,6
0238.7872,08.76,6
0238.9511,08.76,6
0239.1150,08.76,6
0239.2789,08.76,6
0239.4428,08.76,6
0239.6067,08.76,6
0239.7706,08.76,6
0239.9344,08.76,6
0240.0983,08.76,6
0240.2622,08.76,6
0240.4261,08.76,6
0240.5900,08.75,6
0240.7539,08.75,6
0240.9178,08.75,6
0241.0817,08.75,6
0241.2456,08.75,6
0241.4095,08.75,6
0241.5733,08.75,6
0241.7372,08.75,6
0241.9011,08.75,6
0242.0650,08.75,6
0242.2289,08.75,6
0242.3928,08.75,6
0242.5567,08.75,6
0242.7206,08.75,6
0242.8845,08.75,6
0243.0483,08.75,6
0243.2122,08.74,6
0243.3761,08.74,6
0243.5400,08.74,6
0243.7039,08.74,6
0243.8678,08.74,6
0244.0317,08.74,6
0244.1956,08.74,6
0244.3595,08.74,6
0244.5234,08.74,6
0244.6872,08.74,6
0244.8511,08.74,6
0245.0150,08.74,6
0245.1789,08.74,6
0245.3428,08.73,6
0245.5067,08.73,6
0245.6706,08.73,6
0245.8345,08.73,6
0245.9984,08.73,6
0246.1623,08.73,6
0246.3261,08.73,6
0246.4900,08.73,6
0246.6539,08.73,6
0246.8178,08.73,6
0246.9817,08.73,6
0247.1456,08.73,6
0247.3095,08.72,6
0247.4734,08.72,6
0247.6373,08.72,6
0247.8011,08.72,6
0247.9650,08.72,6
0248.1289,08.72,6
0248.2928,08.72,6
0248.4567,08.72,6
0248.6206,08.72,6
0248.7845,08.72,6
0248.9484,08.72,6
0249.1123,08.72,6
0249.2762,08.72,6
0249.4400,08.72,6
0249.6039,08.72,6
0249.7678,08.72,6
0249.9317,08.72,6
0250.0956,08.73,6
0250.2595,08.73,6
0250.4234,08.73,6
0250.5873,08.73,6
0250.7512,08.73,6
0250.9151,08.73,6
0251.0789,08.73,6
0251.2428,08.73,6
0251.4067,08.73,6
0251.5706,08.73,6
0251.7345,08.73,6
0251.8984,08.73,6
0252.0623,08.73,6
0252.2262,08.73,6
0252.3901,08.74,6
0252.5539,08.74,6
0252.7178,08.74,6
0252.8817,08.74,6
0253.0456,08.74,6
0253.2095,08.74,6
0253.3734,08.74,6
0253.5373,08.74,6
0253.7012,08.74,6
0253.8651,08.74,6
0254.0290,08.74,6
0254.1928,08.74,6
0254.3567,08.74,6
0254.5206,08.74,6
0254.6845,08.74,6
0254.8484,08.74,6
0255.0123,08.75,6
0255.1762,08.75,6
0255.3401,08.75,6
0255.5040,08.75,6
0255.6679,08.75,6
0255.8317,08.75,6
0255.9956,08.75,6
0256.1595,08.75,6
0256.3234,08.75,6
0256.4873,08.75,6
0256.6512,08.75,6
0256.8151,08.75,6
0256.9790,08.75,6
0257.1429,08.75,6
0257.3067,08.75,6
0257.4706,08.75,6
0257.6345,08.75,6
0257.7984,08.75,6
0257.9623,08.75,6
0258.1262,08.75,6
0258.2901,08.75,6
0258.4540,08.75,6
0258.6179,08.75,6
0258.7818,08.75,6
0258.9456,08.75,6
0259.1095,08.75,6
0259.2734,08.75,6
0259.4373,08.75,6
0259.6012,08.75,6
0259.7651,08.75,6
0259.9290,08.75,6
0260.0929,08.74,6
0260.2568,08.74,6
0260.4207,08.74,6
0260.5845,08.74,6
0260.7484,08.74,6
0260.9123,08.74,6
0261.0762,08.74,6
0261.2401,08.74,6
0261.4040,08.74,6
0261.5679,08.74,6
0261.7318,08.74,6
0261.8957,08.74,6
0262.0595,08.74,6
0262.2234,08.74,6
0262.3873,08.74,6
0262.5512,08.73,6
0262.7151,08.73,6
0262.8790,08.73,6
0263.0429,08.73,6
0263.2068,08.73,6
0263.3707,08.73,6
0263.5346,08.73,6
0263.6984,08.73,6
0263.8623,08.73,6
0264.0262,08.73,6
0264.1901,08.73,6
0264.3540,08.73,6
0264.5179,08.72,6
0264.6818,08.72,6
0264.8457,08.72,6
0265.0096,08.72,6
0265.1734,08.72,6
0265.3373,08.72,6
0265.5012,08.72,6
0265.6651,08.72,6
0265.8290,08.72,6
0265.9929,08.72,6
0266.1568,08.71,6
0266.3207,08.71,6
0266.4846,08.71,6
0266.6485,08.71,6
0266.8123,08.70,6
0266.9762,08.70,6
0267.1401,08.70,6
0267.3040,08.70,6
0267.4679,08.70,6
0267.6318,08.70,6
0267.7957,08.69,6
0267.9596,08.69,6
0268.1235,08.69,6
0268.2874,08.69,6
0268.4512,08.68,6
0268.6151,08.68,6
0268.7790,08.68,6
0268.9429,08.68,6
0269.1068,08.68,6
0269.2707,08.67,6
0269.4346,08.67,6
0269.5985,08.67,6
0269.7624,08.67,6
0269.9262,08.67,6
0270.0901,08.67,6
0270.2540,08.67,6
0270.4179,08.66,6
0270.5818,08.66,6
0270.7457,08.66,6
0270.9096,08.66,6
0271.0735,08.65,6
0271.2374,08.65,6
0271.4013,08.65,6
0271.5651,08.65,6
0271.7290,08.64,6
0271.8929,08.64,6
0272.0568,08.64,6
0272.2207,08.64,6
0272.3846,08.64,6
0272.5485,08.64,6
0272.7124,08.64,6
0272.8763,08.64,6
0273.0402,08.64,6
0273.2040,08.63,6
0273.3679,08.63,6
0273.5318,08.63,6
0273.6957,08.62,6
0273.8596,08.62,6
0274.0235,08.62,6
0274.1874,08.62,6
0274.3513,08.61,6
0274.5152,08.62,6
0274.6790,08.62,6
0274.8429,08.62,6
0275.0068,08.62,6
0275.1707,08.62,6
0275.3346,08.61,6
0275.4985,08.61,6
0275.6624,08.61,6
0275.8263,08.61,6
0275.9902,08.60,6
0276.1541,08.60,6
0276.3179,08.60,6
0276.4818,08.60,6
0276.6457,08.60,6
0276.8096,08.60,6
0276.9735,08.60,6
0277.1374,08.61,6
0277.3013,08.61,6
0277.4652,08.61,6
0277.6291,08.61,6
0277.7930,08.61,6
0277.9568,08.61,6
0278.1207,08.61,6
0278.2846,08.61,6
0278.4485,08.61,6
0278.6124,08.61,6
0278.7763,08.61,6
0278.9402,08.61,6
0279.1041,08.61,6
0279.2680,08.61,6
0279.4318,08.61,6
0279.5957,08.62,6
0279.7596,08.62,6
0279.9235,08.62,6
0280.0874,08.62,6
0280.2513,08.62,6
0280.4152,08.63,6
0280.5791,08.63,6
0280.7430,08.63,6
0280.9069,08.63,6
0281.0707,08.63,6
0281.2346,08.64,6
0281.3985,08.64,6
0281.5624,08.64,6
0281.7263,08.64,6
0281.8902,08.65,6
0282.0541,08.65,6
0282.2180,08.65,6
0282.3819,08.66,6
0282.5458,08.66,6
0282.7096,08.66,6
0282.8735,08.66,6
0283.0374,08.66,6
0283.2013,08.66,6
0283.3652,08.66,6
0283.5291,08.66,6
0283.6930,08.67,6
0283.8569,08.67,6
0284.0208,08.67,6
0284.1846,08.67,6
0284.3485,08.67,6
0284.5124,08.68,6
0284.6763,08.68,6
0284.8402,08.68,6
0285.0041,08.68,6
0285.1680,08.68,6
0285.3319,08.68,6
0285.4958,08.68,6
0285.6597,08.68,6
0285.8235,08.68,6
0285.9874,08.68,6
0286.1513,08.68,6
0286.3152,08.68,6
0286.4791,08.68,6
0286.6430,08.68,6
0286.8069,08.68,6
0286.9708,08.68,6
0287.1347,08.68,6
0287.2986,08.68,6
0287.4624,08.68,6
0287.6263,08.68,6
0287.7902,08.67,6
0287.9541,08.67,6
0288.1180,08.67,6
0288.2819,08.67,6
0288.4458,08.67,6
0288.6097,08.67,6
0288.7736,08.67,6
0288.9374,08.67,6
0289.1013,08.67,6
0289.2652,08.66,6
0289.4291,08.66,6
0289.5930,08.66,6
0289.7569,08.66,6
0289.9208,08.65,6
0290.0847,08.65,6
0290.2486,08.65,6
0290.4125,08.65,6
0290.5763,08.65,6
0290.7402,08.64,6
0290.9041,08.64,6
0291.0680,08.64,6
0291.2319,08.64,6
0291.3958,08.63,6
0291.5597,08.63,6
0291.7236,08.63,6
0291.8875,08.63,6
0292.0514,08.63,6
0292.2152,08.62,6
0292.3791,08.62,6
0292.5430,08.62,6
0292.7069,08.61,6
0292.8708,08.61,6
0293.0347,08.61,6
0293.1986,08.60,6
0293.3625,08.60,6
0293.5264,08.60,6
0293.6902,08.59,6
0293.8541,08.59,6
0294.0180,08.59,6
0294.1819,08.59,6
0294.3458,08.58,6
0294.5097,08.58,6
0294.6736,08.58,6
0294.8375,08.57,6
0295.0014,08.57,6
0295.1653,08.56,6
0295.3291,08.56,6
0295.4930,08.56,6
0295.6569,08.55,6
0295.8208,08.55,6
0295.9847,08.55,6
0296.1486,08.54,6
0296.3125,08.54,6
0296.4764,08.54,6
0296.6403,08.53,6
0296.8042,08.53,6
0296.9680,08.52,6
0297.1319,08.52,6
0297.2958,08.52,6
0297.4597,08.51,6
0297.6236,08.51,6
0297.7875,08.51,6
0297.9514,08.50,6
0298.1153,08.50,6
0298.2792,08.50,6
0298.4430,08.50,6
0298.6069,08.49,6
0298.7708,08.49,6
0298.9347,08.49,6
0299.0986,08.48,6
0299.2625,08.48,6
0299.4264,08.48,6
0299.5903,08.47,6
0299.7542,08.47,6
0299.9181,08.47,6
0300.0819,08.47,6
0300.2458,08.47,6
0300.4097,08.46,6
0300.5736,08.46,6
0300.7375,08.46,6
0300.9014,08.46,6
0301.0653,08.45,6
0301.2292,08.45,6
0301.3931,08.45,6
0301.5570,08.45,6
0301.7208,08.44,6
0301.8847,08.44,6
0302.0486,08.44,6
0302.2125,08.43,6
0302.3764,08.43,6
0302.5403,08.43,6
0302.7042,08.43,6
0302.8681,08.43,6
0303.0320,08.43,6
0303.1958,08.43,6
0303.3597,08.43,6
0303.5236,08.42,6
0303.6875,08.42,6
0303.8514,08.41,6
0304.0153,08.41,6
0304.1792,08.41,6
0304.3431,08.40,6
0304.5070,08.40,6
0304.6709,08.40,6
0304.8347,08.40,6
0304.9986,08.40,6
0305.1625,08.40,6
0305.3264,08.40,6
0305.4903,08.40,6
0305.6542,08.40,6
0305.8181,08.40,6
0305.9820,08.40,6
0306.1459,08.39,6
0306.3098,08.39,6
0306.4736,08.39,6
0306.6375,08.39,6
0306.8014,08.38,6
0306.9653,08.38,6
0307.1292,08.38,6
0307.2931,08.38,6
0307.4570,08.38,6
0307.6209,08.38,6
0307.7848,08.38,6
0307.9486,08.38,6
0308.1125,08.38,6
0308.2764,08.38,6
0308.4403,08.37,6
0308.6042,08.37,6
0308.7681,08.37,6
0308.9320,08.36,6
0309.0959,08.36,6
0309.2598,08.36,6
0309.4237,08.36,6
0309.5875,08.36,6
0309.7514,08.36,6
0309.9153,08.36,6
0310.0792,08.36,6
0310.2431,08.36,6
0310.4070,08.36,6
0310.5709,08.36,6
0310.7348,08.35,6
0310.8987,08.35,6
0311.0626,08.35,6
0311.2264,08.34,6
0311.3903,08.34,6
0311.5542,08.34,6
0311.7181,08.34,6
0311.8820,08.34,6
0312.0459,08.34,6
0312.2098,08.34,6
0312.3737,08.34,6
0312.5376,08.34,6
0312.7014,08.33,6
0312.8653,08.33,6
0313.0292,08.33,6
0313.1931,08.33,6
0313.3570,08.33,6
0313.5209,08.32,6
0313.6848,08.32,6
0313.8487,08.32,6
0314.0126,08.32,6
0314.1765,08.32,6
0314.3403,08.32,6
0314.5042,08.32,6
0314.6681,08.32,6
0314.8320,08.32,6
0314.9959,08.32,6
0315.1598,08.32,6
0315.3237,08.32,6
0315.4876,08.32,6
0315.6515,08.32,6
0315.8154,08.31,6
0315.9792,08.31,6
0316.1431,08.31,6
0316.3070,08.31,6
0316.4709,08.31,6
0316.6348,08.31,6
0316.7987,08.31,6
0316.9626,08.31,6
0317.1265,08.32,6
0317.2904,08.32,6
0317.4542,08.32,6
0317.6181,08.32,6
0317.7820,08.32,6
0317.9459,08.32,6
0318.1098,08.32,6
0318.2737,08.32,6
0318.4376,08.32,6
0318.6015,08.32,6
0318.7654,08.33,6
0318.9293,08.33,6
0319.0931,08.33,6
0319.2570,08.33,6
0319.4209,08.33,6
0319.5848,08.34,6
0319.7487,08.34,6
0319.9126,08.34,6
0320.0765,08.34,6
0320.2404,08.34,6
0320.4043,08.35,6
0320.5682,08.35,6
0320.7320,08.35,6
0320.8959,08.35,6
0321.0598,08.35,6
0321.2237,08.36,6
0321.3876,08.36,6
0321.5515,08.36,6
0321.7154,08.37,6
0321.8793,08.37,6
0322.0432,08.37,6
0322.2070,08.37,6
0322.3709,08.38,6
0322.5348,08.38,6
0322.6987,08.38,6
0322.8626,08.38,6
0323.0265,08.38,6
0323.1904,08.38,6
0323.3543,08.39,6
0323.5182,08.39,6
0323.6821,08.39,6
0323.8459,08.39,6
0324.0098,08.40,6
0324.1737,08.40,6
0324.3376,08.40,6
0324.5015,08.41,6
0324.6654,08.41,6
0324.8293,08.41,6
0324.9932,08.41,6
0325.1571,08.41,6
0325.3210,08.42,6
0325.4848,08.42,6
0325.6487,08.42,6
0325.8126,08.42,6
0325.9765,08.42,6
0326.1404,08.42,6
0326.3043,08.43,6
0326.4682,08.43,6
0326.6321,08.44,6
0326.7960,08.44,6
0326.9598,08.44,6
0327.1237,08.44,6
0327.2876,08.44,6
0327.4515,08.44,6
0327.6154,08.44,6
0327.7793,08.45,6
0327.9432,08.45,6
0328.1071,08.45,6
0328.2710,08.45,6
0328.4349,08.45,6
0328.5987,08.45,6
0328.7626,08.46,6
0328.9265,08.46,6
0329.0904,08.46,6
0329.2543,08.46,6
0329.4182,08.47,6
0329.5821,08.47,6
0329.7460,08.47,6
0329.9099,08.47,6
0330.0738,08.47,6
0330.2376,08.47,6
0330.4015,08.47,6
0330.5654,08.47,6
0330.7293,08.47,6
0330.8932,08.48,6
0331.0571,08.48,6
0331.2210,08.48,1
0331.3849,08.48,1
0331.5488,08.48,1
0331.7126,08.49,1
0331.8765,08.49,1
0332.0404,08.49,1
0332.2043,08.49,1
0332.3682,08.49,1
0332.5321,08.49,1
0332.6960,08.49,1
0332.8599,08.49,1
0333.0238,08.49,1
0333.1877,08.50,1
0333.3515,08.50,1
0333.5154,08.50,1
0333.6793,08.50,1
0333.8432,08.50,1
0334.0071,08.51,1
0334.1710,08.51,1
0334.3349,08.51,1
0334.4988,08.51,1
0334.6627,08.51,1
0334.8266,08.51,1
0334.9904,08.51,1
0335.1543,08.52,1
0335.3182,08.52,1
0335.4821,08.52,1
0335.6460,08.52,1
0335.8099,08.52,1
0335.9738,08.53,1
0336.1377,08.53,1
0336.3016,08.53,1
0336.4654,08.53,1
0336.6293,08.53,1
0336.7932,08.53,1
0336.9571,08.53,1
0337.1210,08.54,1
0337.2849,08.54,1
0337.4488,08.54,1
0337.6127,08.54,1
0337.7766,08.54,1
0337.9405,08.54,1
0338.1043,08.54,1
0338.2682,08.54,1
0338.4321,08.55,1
0338.5960,08.55,1
0338.7599,08.55,1
0338.9238,08.55,1
0339.0877,08.55,1
0339.2516,08.55,1
0339.4155,08.55,1
0339.5793,08.56,1
0339.7432,08.56,1
0339.9071,08.56,1
0340.0710,08.56,1
0340.2349,08.56,1
0340.3988,08.57,1
0340.5627,08.57,1
0340.7266,08.57,1
0340.8905,08.57,1
0341.0544,08.58,1
0341.2182,08.58,1
0341.3821,08.58,1
0341.5460,08.58,1
0341.7099,08.59,1
0341.8738,08.59,1
0342.0377,08.59,1
0342.2016,08.60,1
0342.3655,08.60,1
0342.5294,08.60,1
0342.6933,08.61,1
0342.8571,08.61,1
0343.0210,08.61,1
0343.1849,08.61,1
0343.3488,08.62,1
0343.5127,08.62,1
0343.6766,08.62,1
0343.8405,08.63,1
0344.0044,08.63,1
0344.1683,08.64,1
0344.3321,08.64,1
0344.4960,08.64,1
0344.6599,08.64,1
0344.8238,08.65,1
0344.9877,08.65,3
0345.1516,08.65,3
0345.3155,08.65,3
0345.4794,08.66,3
0345.6433,08.66,3
0345.8072,08.66,3
0345.9710,08.67,3
0346.1349,08.67,3
0346.2988,08.68,3
0346.4627,08.68,3
0346.6266,08.69,3
0346.7905,08.69,3
0346.9544,08.69,3
0347.1183,08.69,3
0347.2822,08.70,3
0347.4461,08.70,3
0347.6099,08.71,3
0347.7738,08.71,3
0347.9377,08.71,3
0348.1016,08.72,3
0348.2655,08.72,3
0348.4294,08.73,3
0348.5933,08.73,3
0348.7572,08.74,3
0348.9211,08.75,3
0349.0849,08.75,3
0349.2488,08.75,3
0349.4127,08.76,3
0349.5766,08.76,3
0349.7405,08.77,3
0349.9044,08.77,3
0350.0683,08.78,3
0350.2322,08.79,3
0350.3961,08.79,3
0350.5600,08.79,3
0350.7238,08.80,3
0350.8877,08.80,3
0351.0516,08.81,3
0351.2155,08.82,3
0351.3794,08.82,3
0351.5433,08.83,3
0351.7072,08.84,3
0351.8711,08.84,3
0352.0350,08.85,3
0352.1989,08.85,3
0352.3627,08.87,3
0352.5266,08.87,3
0352.6905,08.88,3
0352.8544,08.88,3
0353.0183,08.89,3
0353.1822,08.90,3
0353.3461,08.90,3
0353.5100,08.91,3
0353.6739,08.92,3
0353.8377,08.92,3
0354.0016,08.93,3
0354.1655,08.93,3
0354.3294,08.94,3
0354.4933,08.95,3
0354.6572,08.95,3
0354.8211,08.96,3
0354.9850,08.96,3
0355.1489,08.97,3
0355.3128,08.98,3
0355.4766,08.98,3
0355.6405,08.99,3
0355.8044,08.99,3
0355.9683,09.00,3
0356.1322,09.01,3
0356.2961,09.01,3
0356.4600,09.02,3
0356.6239,09.03,3
0356.7878,09.03,3
0356.9517,09.04,3
0357.1155,09.05,3
0357.2794,09.05,3
0357.4433,09.05,3
0357.6072,09.05,3
0357.7711,09.06,3
0357.9350,09.07,3
0358.0989,09.07,3
0358.2628,09.07,3
0358.4267,09.08,3
0358.5905,09.09,3
0358.7544,09.09,3
0358.9183,09.09,3
0359.0822,09.10,3
0359.2461,09.10,3
0359.4100,09.11,3
0359.5739,09.11,3
0359.7378,09.11,3
0359.9017,09.12,3
0360.0656,09.12,3
0360.2294,09.13,3
0360.3933,09.13,3
0360.5572,09.13,3
0360.7211,09.14,3
0360.8850,09.15,3
0361.0489,09.15,3
0361.2128,09.15,3
0361.3767,09.16,3
0361.5406,09.16,3
0361.7045,09.16,3
0361.8683,09.17,3
0362.0322,09.17,3
0362.1961,09.18,3
0362.3600,09.18,3
0362.5239,09.19,3
0362.6878,09.19,3
0362.8517,09.19,3
0363.0156,09.20,3
0363.1795,09.20,3
0363.3433,09.21,3
0363.5072,09.21,3
0363.6711,09.22,3
0363.8350,09.22,3
0363.9989,09.23,3
0364.1628,09.23,3
0364.3267,09.24,3
0364.4906,09.24,3
0364.6545,09.24,3
0364.8184,09.25,3
0364.9822,09.26,3
0365.1461,09.26,3
0365.3100,09.26,3
0365.4739,09.27,3
0365.6378,09.27,3
0365.8017,09.27,3
0365.9656,09.28,3
0366.1295,09.29,3
0366.2934,09.29,3
0366.4573,09.29,3
0366.6211,09.30,3
0366.7850,09.30,3
0366.9489,09.30,3
0367.1128,09.31,3
0367.2767,09.31,3
0367.4406,09.32,3
0367.6045,09.32,3
0367.7684,09.33,3
0367.9323,09.33,3
0368.0961,09.33,3
0368.2600,09.34,3
0368.4239,09.34,3
0368.5878,09.35,3
0368.7517,09.35,3
0368.9156,09.36,3
0369.0795,09.36,3
0369.2434,09.36,3
0369.4073,09.37,3
0369.5712,09.37,3
0369.7350,09.38,3
0369.8989,09.38,3
0370.0628,09.38,3
0370.2267,09.39,3
0370.3906,09.39,3
0370.5545,09.39,3
0370.7184,09.40,3
0370.8823,09.40,3
0371.0462,09.40,3
0371.2101,09.40,3
0371.3739,09.41,3
0371.5378,09.41,3
0371.7017,09.41,3
0371.8656,09.42,3
0372.0295,09.42,3
0372.1934,09.43,3
0372.3573,09.43,3
0372.5212,09.43,3
0372.6851,09.43,3
0372.8489,09.43,3
0373.0128,09.44,3
0373.1767,09.44,3
0373.3406,09.44,3
0373.5045,09.44,3
0373.6684,09.45,3
0373.8323,09.45,3
0373.9962,09.46,3
0374.1601,09.46,3
0374.3240,09.47,3
0374.4878,09.47,3
0374.6517,09.48,3
0374.8156,09.48,3
0374.9795,09.48,3
0375.1434,09.48,3
0375.3073,09.49,3
0375.4712,09.49,3
0375.6351,09.49,3
0375.7990,09.50,3
0375.9629,09.51,3
0376.1267,09.51,3
0376.2906,09.52,3
0376.4545,09.52,3
0376.6184,09.53,3
0376.7823,09.53,3
0376.9462,09.53,3
0377.1101,09.54,3
0377.2740,09.54,3
0377.4379,09.55,3
0377.6017,09.55,3
0377.7656,09.56,3
0377.9295,09.57,3
0378.0934,09.57,3
0378.2573,09.58,3
0378.4212,09.59,3
0378.5851,09.59,3
0378.7490,09.60,3
0378.9129,09.61,3
0379.0768,09.61,3
0379.2406,09.62,3
0379.4045,09.62,3
0379.5684,09.62,3
0379.7323,09.63,3
0379.8962,09.64,3
0380.0601,09.65,3
0380.2240,09.66,3
0380.3879,09.67,3
0380.5518,09.67,3
0380.7157,09.68,3
0380.8795,09.69,3
0381.0434,09.69,3
0381.2073,09.69,3
0381.3712,09.71,3
0381.5351,09.71,3
0381.6990,09.72,3
0381.8629,09.73,3
0382.0268,09.74,3
0382.1907,09.74,3
0382.3545,09.76,3
0382.5184,09.76,3
0382.6823,09.77,3
0382.8462,09.78,3
0383.0101,09.78,3
0383.1740,09.79,3
0383.3379,09.80,3
0383.5018,09.80,3
0383.6657,09.81,3
0383.8296,09.82,3
0383.9934,09.83,3
0384.1573,09.84,3
0384.3212,09.85,3
0384.4851,09.86,3
0384.6490,09.87,3
0384.8129,09.88,3
0384.9768,09.89,3
0385.1407,09.89,3
0385.3046,09.89,3
0385.4685,09.91,3
0385.6323,09.91,3
0385.7962,09.92,3
0385.9601,09.93,3
0386.1240,09.94,3
0386.2879,09.95,3
0386.4518,09.96,3
0386.6157,09.97,3
0386.7796,09.98,3
0386.9435,09.99,3
0387.1073,09.99,3
0387.2712,10.00,3
0387.4351,10.01,3
0387.5990,10.02,3
0387.7629,10.03,3
0387.9268,10.04,3
0388.0907,10.05,3
0388.2546,10.07,3
0388.4185,10.08,3
0388.5824,10.09,3
0388.7462,10.10,3
0388.9101,10.10,3
0389.0740,10.11,3
0389.2379,10.12,3
0389.4018,10.13,3
0389.5657,10.14,3
0389.7296,10.14,3
0389.8935,10.15,3
0390.0574,10.17,3
0390.2213,10.18,3
0390.3851,10.20,3
0390.5490,10.20,3
0390.7129,10.21,3
0390.8768,10.22,3
0391.0407,10.23,3
0391.2046,10.24,3
0391.3685,10.24,3
0391.5324,10.25,3
0391.6963,10.26,3
0391.8601,10.27,3
0392.0240,10.28,3
0392.1879,10.29,3
0392.3518,10.30,3
0392.5157,10.32,3
0392.6796,10.32,3
0392.8435,10.34,3
0393.0074,10.34,3
0393.1713,10.35,3
0393.3352,10.36,3
0393.4990,10.36,3
0393.6629,10.37,3
0393.8268,10.38,3
0393.9907,10.39,3
0394.1546,10.40,3
0394.3185,10.41,3
0394.4824,10.42,3
0394.6463,10.43,3
0394.8102,10.44,3
0394.9741,10.45,3
0395.1379,10.45,3
0395.3018,10.46,3
0395.4657,10.46,3
0395.6296,10.47,3
0395.7935,10.48,3
0395.9574,10.49,3
0396.1213,10.50,3
0396.2852,10.50,3
0396.4491,10.51,3
0396.6129,10.52,3
0396.7768,10.52,3
0396.9407,10.53,3
0397.1046,10.54,3
0397.2685,10.54,3
0397.4324,10.54,3
0397.5963,10.55,3
0397.7602,10.56,3
0397.9241,10.56,3
0398.0880,10.57,3
0398.2518,10.58,3
0398.4157,10.58,3
0398.5796,10.59,3
0398.7435,10.60,3
0398.9074,10.61,3
0399.0713,10.61,3
0399.2352,10.62,3
0399.3991,10.62,3
0399.5630,10.63,3
0399.7269,10.63,3
0399.8907,10.64,3
0400.0546,10.64,3
0400.2185,10.64,3
0400.3824,10.65,3
0400.5463,10.65,3
0400.7102,10.66,3
0400.8741,10.66,3
0401.0380,10.67,3
0401.2019,10.67,3
0401.3657,10.67,3
0401.5296,10.68,3
0401.6935,10.68,3
0401.8574,10.69,3
0402.0213,10.69,3
0402.1852,10.69,3
0402.3491,10.70,3
0402.5130,10.70,3
0402.6769,10.71,3
0402.8408,10.71,3
0403.0046,10.71,3
0403.1685,10.71,3
0403.3324,10.71,3
0403.4963,10.72,3
0403.6602,10.72,3
0403.8241,10.72,3
0403.9880,10.73,3
0404.1519,10.73,3
0404.3158,10.74,3
0404.4797,10.74,3
0404.6435,10.74,3
0404.8074,10.74,3
0404.9713,10.74,3
0405.1352,10.74,3
0405.2991,10.75,3
0405.4630,10.75,3
0405.6269,10.75,3
0405.7908,10.75,3
0405.9547,10.76,3
0406.1185,10.76,3
0406.2824,10.76,3
0406.4463,10.77,3
0406.6102,10.76,3
0406.7741,10.76,3
0406.9380,10.76,3
0407.1019,10.76,3
0407.2658,10.76,3
0407.4297,10.77,3
0407.5936,10.77,3
0407.7574,10.77,3
0407.9213,10.78,3
0408.0852,10.78,3
0408.2491,10.79,3
0408.4130,10.78,3
0408.5769,10.78,3
0408.7408,10.78,3
0408.9047,10.78,3
0409.0686,10.79,3
0409.2325,10.78,3
0409.3963,10.79,3
0409.5602,10.79,3
0409.7241,10.80,3
0409.8880,10.80,3
0410.0519,10.80,3
0410.2158,10.81,3
0410.3797,10.81,3
0410.5436,10.81,3
0410.7075,10.81,3
0410.8713,10.81,3
0411.0352,10.81,3
0411.1991,10.81,3
0411.3630,10.81,3
0411.5269,10.82,3
0411.6908,10.82,3
0411.8547,10.83,3
0412.0186,10.83,3
0412.1825,10.83,3
0412.3464,10.83,3
0412.5102,10.83,3
0412.6741,10.83,3
0412.8380,10.83,3
0413.0019,10.84,3
0413.1658,10.84,3
0413.3297,10.84,3
0413.4936,10.84,3
0413.6575,10.84,3
0413.8214,10.84,3
0413.9852,10.84,3
0414.1491,10.84,3
0414.3130,10.85,3
0414.4769,10.85,3
0414.6408,10.85,3
0414.8047,10.85,3
0414.9686,10.85,3
0415.1325,10.85,1
0415.2964,10.86,1
0415.4603,10.86,1
0415.6241,10.86,1
0415.7880,10.86,1
0415.9519,10.86,1
0416.1158,10.87,1
0416.2797,10.87,1
0416.4436,10.87,1
0416.6075,10.87,1
0416.7714,10.87,1
0416.9353,10.87,1
0417.0992,10.87,1
0417.2630,10.88,1
0417.4269,10.88,1
0417.5908,10.88,1
0417.7547,10.88,1
0417.9186,10.88,1
0418.0825,10.88,1
0418.2464,10.88,1
0418.4103,10.89,1
0418.5742,10.89,1
0418.7380,10.89,1
0418.9019,10.89,1
0419.0658,10.89,1
0419.2297,10.89,1
0419.3936,10.89,1
0419.5575,10.89,1
0419.7214,10.89,1
0419.8853,10.89,1
0420.0492,10.89,1
0420.2131,10.89,1
0420.3769,10.89,1
0420.5408,10.89,1
0420.7047,10.89,1
0420.8686,10.89,1
0421.0325,10.89,1
0421.1964,10.89,1
0421.3603,10.89,1
0421.5242,10.89,1
0421.6881,10.89,1
0421.8520,10.89,1
0422.0158,10.89,1
0422.1797,10.89,1
0422.3436,10.89,1
0422.5075,10.89,1
0422.6714,10.89,1
0422.8353,10.89,1
0422.9992,10.89,1
0423.1631,10.89,1
0423.3270,10.89,1
0423.4908,10.89,1
0423.6547,10.89,1
0423.8186,10.90,1
0423.9825,10.90,1
0424.1464,10.90,1
0424.3103,10.90,1
0424.4742,10.90,1
0424.6381,10.90,1
0424.8020,10.90,1
0424.9659,10.91,1
0425.1297,10.91,1
0425.2936,10.91,1
0425.4575,10.91,1
0425.6214,10.91,1
0425.7853,10.91,1
0425.9492,10.92,1
0426.1131,10.92,1
0426.2770,10.92,1
0426.4409,10.93,1
0426.6048,10.93,1
0426.7686,10.94,1
0426.9325,10.94,1
0427.0964,10.94,1
0427.2603,10.95,1
0427.4242,10.95,1
0427.5881,10.95,1
0427.7520,10.96,1
0427.9159,10.96,1
0428.0798,10.97,1
0428.2436,10.97,1
0428.4075,10.98,1
0428.5714,10.98,1
0428.7353,10.98,1
0428.8992,10.99,1
0429.0631,10.99,1
0429.2270,10.99,1
0429.3909,11.00,1
0429.5548,11.00,1
0429.7187,11.01,1
0429.8825,11.01,1
0430.0464,11.02,1
0430.2103,11.02,1
0430.3742,11.03,1
0430.5381,11.03,1
0430.7020,11.03,1
0430.8659,11.04,1
0431.0298,11.04,1
0431.1937,11.04,1
0431.3576,11.05,1
0431.5214,11.05,1
0431.6853,11.06,1
0431.8492,11.07,1
0432.0131,11.08,1
0432.1770,11.08,1
0432.3409,11.09,1
0432.5048,11.09,1
0432.6687,11.10,1
0432.8326,11.10,1
0432.9964,11.10,1
0433.1603,11.11,1
0433.3242,11.11,1
0433.4881,11.12,1
0433.6520,11.12,1
0433.8159,11.13,1
0433.9798,11.14,1
0434.1437,11.14,1
0434.3076,11.14,1
0434.4715,11.15,1
0434.6353,11.15,1
0434.7992,11.16,1
0434.9631,11.16,1
0435.1270,11.17,1
0435.2909,11.18,1
0435.4548,11.18,1
0435.6187,11.19,1
0435.7826,11.19,1
0435.9465,11.19,1
0436.1104,11.20,1
0436.2742,11.20,1
0436.4381,11.21,1
0436.6020,11.21,1
0436.7659,11.22,1
0436.9298,11.22,1
0437.0937,11.23,1
0437.2576,11.23,1
0437.4215,11.24,1
0437.5854,11.24,1
0437.7492,11.25,1
0437.9131,11.25,1
0438.0770,11.25,1
0438.2409,11.26,1
0438.4048,11.26,1
0438.5687,11.27,1
0438.7326,11.27,1
0438.8965,11.27,1
0439.0604,11.28,1
0439.2243,11.28,1
0439.3881,11.28,1
0439.5520,11.28,1
0439.7159,11.28,1
0439.8798,11.29,1
0440.0437,11.29,1
0440.2076,11.29,1
0440.3715,11.29,1
0440.5354,11.30,1
0440.6993,11.30,1
0440.8632,11.30,1
0441.0270,11.31,1
0441.1909,11.31,1
0441.3548,11.31,1
0441.5187,11.31,1
0441.6826,11.31,1
0441.8465,11.31,1
0442.0104,11.31,1
0442.1743,11.31,1
0442.3382,11.31,1
0442.5020,11.32,1
0442.6659,11.32,1
0442.8298,11.33,1
0442.9937,11.32,1
0443.1576,11.32,1
0443.3215,11.32,1
0443.4854,11.32,1
0443.6493,11.33,1
0443.8132,11.33,1
0443.9771,11.32,1
0444.1409,11.32,1
0444.3048,11.33,1
0444.4687,11.33,1
0444.6326,11.33,1
0444.7965,11.33,1
0444.9604,11.32,1
0445.1243,11.32,1
0445.2882,11.33,1
0445.4521,11.33,1
0445.6160,11.33,1
0445.7798,11.33,1
0445.9437,11.33,1
0446.1076,11.33,1
0446.2715,11.33,1
0446.4354,11.33,1
0446.5993,11.33,1
0446.7632,11.33,1
0446.9271,11.32,1
0447.0910,11.32,1
0447.2548,11.33,1
0447.4187,11.33,1
0447.5826,11.33,1
0447.7465,11.33,1
0447.9104,11.33,1
0448.0743,11.33,1
0448.2382,11.33,1
0448.4021,11.33,1
0448.5660,11.33,1
0448.7299,11.33,1
0448.8937,11.33,1
0449.0576,11.33,1
0449.2215,11.33,1
0449.3854,11.33,1
0449.5493,11.33,1
0449.7132,11.33,1
0449.8771,11.33,1
0450.0410,11.33,1
0450.2049,11.32,1
0450.3688,11.32,1
0450.5326,11.32,1
0450.6965,11.32,1
0450.8604,11.32,1
0451.0243,11.32,1
0451.1882,11.32,1
0451.3521,11.32,1
0451.5160,11.32,1
0451.6799,11.32,6
0451.8438,11.32,6
0452.0076,11.32,6
0452.1715,11.31,6
0452.3354,11.31,6
0452.4993,11.31,6
0452.6632,11.31,6
0452.8271,11.31,6
0452.9910,11.31,6
0453.1549,11.31,6
0453.3188,11.31,6
0453.4827,11.31,6
0453.6465,11.31,6
0453.8104,11.30,6
0453.9743,11.30,6
0454.1382,11.30,6
0454.3021,11.30,6
0454.4660,11.30,6
0454.6299,11.29,6
0454.7938,11.29,6
0454.9577,11.29,6
0455.1216,11.28,6
0455.2854,11.28,6
0455.4493,11.28,6
0455.6132,11.27,6
0455.7771,11.27,6
0455.9410,11.27,6
0456.1049,11.27,6
0456.2688,11.27,6
0456.4327,11.27,6
0456.5966,11.26,6
0456.7604,11.26,6
0456.9243,11.25,6
0457.0882,11.25,6
0457.2521,11.24,6
0457.4160,11.24,6
0457.5799,11.24,6
0457.7438,11.23,6
0457.9077,11.23,6
0458.0716,11.23,6
0458.2355,11.23,6
0458.3993,11.22,6
0458.5632,11.22,6
0458.7271,11.22,6
0458.8910,11.21,6
0459.0549,11.21,6
0459.2188,11.21,6
0459.3827,11.20,6
0459.5466,11.20,6
0459.7105,11.20,6
0459.8744,11.19,6
0460.0382,11.19,6
0460.2021,11.18,6
0460.3660,11.18,6
0460.5299,11.17,6
0460.6938,11.17,6
0460.8577,11.17,6
0461.0216,11.16,6
0461.1855,11.16,6
0461.3494,11.16,6
0461.5132,11.15,6
0461.6771,11.15,6
0461.8410,11.15,6
0462.0049,11.14,6
0462.1688,11.14,6
0462.3327,11.14,6
0462.4966,11.13,6
0462.6605,11.13,6
0462.8244,11.12,6
0462.9883,11.12,6
0463.1521,11.11,6
0463.3160,11.11,6
0463.4799,11.11,6
0463.6438,11.10,6
0463.8077,11.10,6
0463.9716,11.09,6
0464.1355,11.08,6
0464.2994,11.08,6
0464.4633,11.08,6
0464.6272,11.07,6
0464.7910,11.06,6
0464.9549,11.06,6
0465.1188,11.05,6
0465.2827,11.05,6
0465.4466,11.04,6
0465.6105,11.03,6
0465.7744,11.03,6
0465.9383,11.02,6
0466.1022,11.02,6
0466.2660,11.01,6
0466.4299,11.01,6
0466.5938,11.00,6
0466.7577,10.99,6
0466.9216,10.99,6
0467.0855,10.98,6
0467.2494,10.97,6
0467.4133,10.96,6
0467.5772,10.96,6
0467.7411,10.95,6
0467.9049,10.95,6
0468.0688,10.94,6
0468.2327,10.93,6
0468.3966,10.93,6
0468.5605,10.92,6
0468.7244,10.91,6
0468.8883,10.90,6
0469.0522,10.90,6
0469.2161,10.89,6
0469.3800,10.89,6
0469.5438,10.88,6
0469.7077,10.88,6
0469.8716,10.87,6
0470.0355,10.86,6
0470.1994,10.86,6
0470.3633,10.85,6
0470.5272,10.84,6
0470.6911,10.83,6
0470.8550,10.82,6
0471.0188,10.82,6
0471.1827,10.81,6
0471.3466,10.80,6
0471.5105,10.79,6
0471.6744,10.79,6
0471.8383,10.78,6
0472.0022,10.77,6
0472.1661,10.77,6
0472.3300,10.76,6
0472.4939,10.75,6
0472.6577,10.75,6
0472.8216,10.74,6
0472.9855,10.73,6
0473.1494,10.72,6
0473.3133,10.72,6
0473.4772,10.71,6
0473.6411,10.70,6
0473.8050,10.69,6
0473.9689,10.69,6
0474.1328,10.68,6
0474.2966,10.67,6
0474.4605,10.66,6
0474.6244,10.65,6
0474.7883,10.65,6
0474.9522,10.64,6
0475.1161,10.64,6
0475.2800,10.63,6
0475.4439,10.62,6
0475.6078,10.62,6
0475.7716,10.61,6
0475.9355,10.60,6
0476.0994,10.60,6
0476.2633,10.59,6
0476.4272,10.58,6
0476.5911,10.57,6
0476.7550,10.56,6
0476.9189,10.56,6
0477.0828,10.55,6
0477.2467,10.54,6
0477.4105,10.53,6
0477.5744,10.52,6
0477.7383,10.51,6
0477.9022,10.51,6
0478.0661,10.50,6
0478.2300,10.49,6
0478.3939,10.48,6
0478.5578,10.47,6
0478.7217,10.46,6
0478.8856,10.45,6
0479.0494,10.45,6
0479.2133,10.44,6
0479.3772,10.42,6
0479.5411,10.42,6
0479.7050,10.41,6
0479.8689,10.40,6
0480.0328,10.39,6
0480.1967,10.38,6
0480.3606,10.37,6
0480.5244,10.36,6
0480.6883,10.35,6
0480.8522,10.35,6
0481.0161,10.33,6
0481.1800,10.33,6
0481.3439,10.32,6
0481.5078,10.31,6
0481.6717,10.31,6
0481.8356,10.29,6
0481.9995,10.28,6
0482.1633,10.27,6
0482.3272,10.26,6
0482.4911,10.26,6
0482.6550,10.25,6
0482.8189,10.23,6
0482.9828,10.22,6
0483.1467,10.22,6
0483.3106,10.21,6
0483.4745,10.20,6
0483.6384,10.19,6
0483.8022,10.18,6
0483.9661,10.17,6
0484.1300,10.16,6
0484.2939,10.16,6
0484.4578,10.15,6
0484.6217,10.13,6
0484.7856,10.12,6
0484.9495,10.11,6
0485.1134,10.10,6
0485.2772,10.10,6
0485.4411,10.09,6
0485.6050,10.08,6
0485.7689,10.07,6
0485.9328,10.06,6
0486.0967,10.05,6
0486.2606,10.04,6
0486.4245,10.04,6
0486.5884,10.03,6
0486.7523,10.02,6
0486.9161,10.02,6
0487.0800,10.00,6
0487.2439,09.99,6
0487.4078,09.99,6
0487.5717,09.97,6
0487.7356,09.97,6
0487.8995,09.96,6
0488.0634,09.95,6
0488.2273,09.94,6
0488.3911,09.93,6
0488.5550,09.92,6
0488.7189,09.92,6
0488.8828,09.91,6
0489.0467,09.90,6
0489.2106,09.89,6
0489.3745,09.88,6
0489.5384,09.87,6
0489.7023,09.87,6
0489.8662,09.86,6
0490.0300,09.85,6
0490.1939,09.85,6
0490.3578,09.84,6
0490.5217,09.83,6
0490.6856,09.82,6
0490.8495,09.81,6
0491.0134,09.80,6
0491.1773,09.80,6
0491.3412,09.79,6
0491.5051,09.78,6
0491.6689,09.78,6
0491.8328,09.77,6
0491.9967,09.76,6
0492.1606,09.76,6
0492.3245,09.75,6
0492.4884,09.74,6
0492.6523,09.74,6
0492.8162,09.73,6
0492.9801,09.72,6
0493.1439,09.72,6
0493.3078,09.71,6
0493.4717,09.70,6
0493.6356,09.70,6
0493.7995,09.70,6
0493.9634,09.69,6
0494.1273,09.68,6
0494.2912,09.68,6
0494.4551,09.67,6
0494.6190,09.66,6
0494.7828,09.65,6
0494.9467,09.64,6
0495.1106,09.64,6
0495.2745,09.63,6
0495.4384,09.62,6
0495.6023,09.62,6
0495.7662,09.61,6
0495.9301,09.61,6
0496.0940,09.60,6
0496.2579,09.60,6
0496.4217,09.60,6
0496.5856,09.59,6
0496.7495,09.58,6
0496.9134,09.57,6
0497.0773,09.57,6
0497.2412,09.56,6
0497.4051,09.55,6
0497.5690,09.55,6
0497.7329,09.55,6
0497.8967,09.54,6
0498.0606,09.53,6
0498.2245,09.53,6
0498.3884,09.52,6
0498.5523,09.52,6
0498.7162,09.51,6
0498.8801,09.51,6
0499.0440,09.50,6
0499.2079,09.49,6
0499.3718,09.48,6
0499.5356,09.48,6
0499.6995,09.47,6
0499.8634,09.47,6
0500.0273,09.46,6
0500.1912,09.46,6
0500.3551,09.45,6
0500.5190,09.45,6
0500.6829,09.44,6
0500.8468,09.44,6
0501.0107,09.43,6
0501.1745,09.43,6
0501.3384,09.42,6
0501.5023,09.41,6
0501.6662,09.40,6
0501.8301,09.39,6
0501.9940,09.39,6
0502.1579,09.38,6
0502.3218,09.38,6
0502.4857,09.37,6
0502.6495,09.37,6
0502.8134,09.36,6
0502.9773,09.36,6
0503.1412,09.36,6
0503.3051,09.35,6
0503.4690,09.34,6
0503.6329,09.34,6
0503.7968,09.33,6
0503.9607,09.33,6
0504.1246,09.32,6
0504.2884,09.32,6
0504.4523,09.31,6
0504.6162,09.31,6
0504.7801,09.30,6
0504.9440,09.30,6
0505.1079,09.30,6
0505.2718,09.29,6
0505.4357,09.29,6
0505.5996,09.29,6
0505.7635,09.29,6
0505.9273,09.28,6
0506.0912,09.28,6
0506.2551,09.27,6
0506.4190,09.27,6
0506.5829,09.27,6
0506.7468,09.27,6
0506.9107,09.27,6
0507.0746,09.27,6
0507.2385,09.26,6
0507.4023,09.26,6
0507.5662,09.26,6
0507.7301,09.25,6
0507.8940,09.25,6
0508.0579,09.25,6
0508.2218,09.25,6
0508.3857,09.25,6
0508.5496,09.25,6
0508.7135,09.25,6
0508.8774,09.25,6
0509.0412,09.25,6
0509.2051,09.25,6
0509.3690,09.25,6
0509.5329,09.24,6
0509.6968,09.24,6
0509.8607,09.24,6
0510.0246,09.24,6
0510.1885,09.24,6
0510.3524,09.24,6
0510.5163,09.24,6
0510.6801,09.24,6
0510.8440,09.24,6
0511.0079,09.24,6
0511.1718,09.23,6
0511.3357,09.23,6
0511.4996,09.23,6
0511.6635,09.23,6
0511.8274,09.23,6
0511.9913,09.23,6
0512.1551,09.23,6
0512.3190,09.23,6
0512.4829,09.23,6
0512.6468,09.22,6
0512.8107,09.22,6
0512.9746,09.22,6
0513.1385,09.22,6
0513.3024,09.22,6
0513.4663,09.22,6
0513.6302,09.22,6
0513.7940,09.22,6
0513.9579,09.22,6
0514.1218,09.22,6
0514.2857,09.21,6
0514.4496,09.21,6
0514.6135,09.20,6
0514.7774,09.20,6
0514.9413,09.20,6
0515.1052,09.20,6
0515.2691,09.20,6
0515.4329,09.20,6
0515.5968,09.20,6
0515.7607,09.20,6
0515.9246,09.20,6
0516.0885,09.19,6
0516.2524,09.19,6
0516.4163,09.19,6
0516.5802,09.19,6
0516.7441,09.19,6
0516.9079,09.19,6
0517.0718,09.18,6
0517.2357,09.18,6
0517.3996,09.18,6
0517.5635,09.18,6
0517.7274,09.18,6
0517.8913,09.18,6
0518.0552,09.18,6
0518.2191,09.18,6
0518.3830,09.18,6
0518.5468,09.17,6
0518.7107,09.17,6
0518.8746,09.17,6
0519.0385,09.17,6
0519.2024,09.17,6
0519.3663,09.17,6
0519.5302,09.17,6
0519.6941,09.17,6
0519.8580,09.17,6
0520.0219,09.17,6
0520.1857,09.17,6
0520.3496,09.17,6
0520.5135,09.16,6
0520.6774,09.16,6
0520.8413,09.16,6
0521.0052,09.16,6
0521.1691,09.15,6
0521.3330,09.15,6
0521.4969,09.15,6
0521.6607,09.15,6
0521.8246,09.15,6
0521.9885,09.15,6
0522.1524,09.15,6
0522.3163,09.15,6
0522.4802,09.15,6
0522.6441,09.15,6
0522.8080,09.15,6
0522.9719,09.15,6
0523.1358,09.15,6
0523.2996,09.14,6
0523.4635,09.14,6
0523.6274,09.14,6
0523.7913,09.14,6
0523.9552,09.14,6
0524.1191,09.14,6
0524.2830,09.14,6
0524.4469,09.14,6
0524.6108,09.14,6
0524.7747,09.14,6
0524.9385,09.14,6
0525.1024,09.14,6
0525.2663,09.14,6
0525.4302,09.14,6
0525.5941,09.14,6
0525.7580,09.14,6
0525.9219,09.14,6
0526.0858,09.14,6
0526.2497,09.14,6
0526.4135,09.14,6
0526.5774,09.14,6
0526.7413,09.14,6
0526.9052,09.14,6
0527.0691,09.14,6
0527.2330,09.14,6
0527.3969,09.14,6
0527.5608,09.14,6
0527.7247,09.14,6
0527.8886,09.14,6
0528.0524,09.14,6
0528.2163,09.14,6
0528.3802,09.14,6
0528.5441,09.14,6
0528.7080,09.14,6
0528.8719,09.14,6
0529.0358,09.15,6
0529.1997,09.15,6
0529.3636,09.15,6
0529.5275,09.15,6
0529.6913,09.15,6
0529.8552,09.15,6
0530.0191,09.15,6
0530.1830,09.15,6
0530.3469,09.15,6
0530.5108,09.15,6
0530.6747,09.15,6
0530.8386,09.15,6
0531.0025,09.15,6
0531.1663,09.15,6
0531.3302,09.15,6
0531.4941,09.15,6
0531.6580,09.16,6
0531.8219,09.16,6
0531.9858,09.15,6
0532.1497,09.15,6
0532.3136,09.15,6
0532.4775,09.15,6
0532.6414,09.15,6
0532.8052,09.15,6
0532.9691,09.15,6
0533.1330,09.15,6
0533.2969,09.15,6
0533.4608,09.15,6
0533.6247,09.15,6
0533.7886,09.15,6
0533.9525,09.14,6
0534.1164,09.14,6
0534.2803,09.14,6
0534.4441,09.14,6
0534.6080,09.13,6
0534.7719,09.13,6
0534.9358,09.13,6
0535.0997,09.12,6
0535.2636,09.12,6
0535.4275,09.12,6
0535.5914,09.12,6
0535.7553,09.12,6
0535.9191,09.12,6
0536.0830,09.12,6
0536.2469,09.11,6
0536.4108,09.11,6
0536.5747,09.11,6
0536.7386,09.10,6
0536.9025,09.10,6
0537.0664,09.10,6
0537.2303,09.09,6
0537.3942,09.09,6
0537.5580,09.09,6
0537.7219,09.09,6
0537.8858,09.09,6
0538.0497,09.08,6
0538.2136,09.08,6
0538.3775,09.08,6
0538.5414,09.08,6
0538.7053,09.07,6
0538.8692,09.07,6
0539.0331,09.06,6
0539.1969,09.06,6
0539.3608,09.06,6
0539.5247,09.05,6
0539.6886,09.05,6
0539.8525,09.04,6
0540.0164,09.04,6
0540.1803,09.04,6
0540.3442,09.03,6
0540.5081,09.03,6
0540.6719,09.03,6
0540.8358,09.02,6
0540.9997,09.01,6
0541.1636,09.01,6
0541.3275,09.01,6
0541.4914,09.00,6
0541.6553,08.99,6
0541.8192,08.99,6
0541.9831,08.98,6
0542.1470,08.98,6
0542.3108,08.97,6
0542.4747,08.97,6
0542.6386,08.97,6
0542.8025,08.96,6
0542.9664,08.96,6
0543.1303,08.95,6
0543.2942,08.95,6
0543.4581,08.94,6
0543.6220,08.93,6
0543.7859,08.93,6
0543.9497,08.92,6
0544.1136,08.92,6
0544.2775,08.91,6
0544.4414,08.90,6
0544.6053,08.90,6
0544.7692,08.90,6
0544.9331,08.89,6
0545.0970,08.89,6
0545.2609,08.89,6
0545.4247,08.88,6
0545.5886,08.88,6
0545.7525,08.87,6
0545.9164,08.86,6
0546.0803,08.86,6
0546.2442,08.85,6
0546.4081,08.84,6
0546.5720,08.84,6
0546.7359,08.84,6
0546.8998,08.83,6
0547.0636,08.83,6
0547.2275,08.82,6
0547.3914,08.82,6
0547.5553,08.82,6
0547.7192,08.81,6
0547.8831,08.81,6
0548.0470,08.80,6
0548.2109,08.80,6
0548.3748,08.79,6
0548.5387,08.79,6
0548.7025,08.79,6
0548.8664,08.78,6
0549.0303,08.78,6
0549.1942,08.77,6
0549.3581,08.77,6
0549.5220,08.77,6
0549.6859,08.76,6
0549.8498,08.76,6
0550.0137,08.76,6
0550.1775,08.76,6
0550.3414,08.75,6
0550.5053,08.75,6
0550.6692,08.74,6
0550.8331,08.74,6
0550.9970,08.74,6
0551.1609,08.74,6
0551.3248,08.74,6
0551.4887,08.74,6
0551.6526,08.74,6
0551.8164,08.74,6
0551.9803,08.74,6
0552.1442,08.73,6
0552.3081,08.73,6
0552.4720,08.73,6
0552.6359,08.73,6
0552.7998,08.73,6
0552.9637,08.72,6
0553.1276,08.72,6
0553.2915,08.72,6
0553.4553,08.72,6
0553.6192,08.72,6
0553.7831,08.73,6
0553.9470,08.73,6
0554.1109,08.73,6
0554.2748,08.73,6
0554.4387,08.73,6
0554.6026,08.72,6
0554.7665,08.72,6
0554.9303,08.72,6
0555.0942,08.72,6
0555.2581,08.72,6
0555.4220,08.72,6
0555.5859,08.72,6
0555.7498,08.73,6
0555.9137,08.73,6
0556.0776,08.73,6
0556.2415,08.73,6
0556.4054,08.74,6
0556.5692,08.74,6
0556.7331,08.74,6
0556.8970,08.74,6
0557.0609,08.74,6
0557.2248,08.74,6
0557.3887,08.74,6
0557.5526,08.75,6
0557.7165,08.75,6
0557.8804,08.75,6
0558.0443,08.76,6
0558.2081,08.76,6
0558.3720,08.76,6
0558.5359,08.77,6
0558.6998,08.77,6
0558.8637,08.77,6
0559.0276,08.78,6
0559.1915,08.78,6
0559.3554,08.78,6
0559.5193,08.78,6
0559.6831,08.78,6
0559.8470,08.79,6
0560.0109,08.79,6
0560.1748,08.79,6
0560.3387,08.80,6
0560.5026,08.80,6
0560.6665,08.81,6
0560.8304,08.81,6
0560.9943,08.81,6
0561.1582,08.81,6
0561.3220,08.82,6
0561.4859,08.82,6
0561.6498,08.82,6
0561.8137,08.82,6
0561.9776,08.82,6
0562.1415,08.82,6
0562.3054,08.83,6
0562.4693,08.83,6
0562.6332,08.84,6
0562.7970,08.84,6
0562.9609,08.84,6
0563.1248,08.84,6
0563.2887,08.84,6
0563.4526,08.84,6
0563.6165,08.84,6
0563.7804,08.84,6
0563.9443,08.85,6
0564.1082,08.85,6
0564.2721,08.85,6
0564.4359,08.85,6
0564.5998,08.86,6
0564.7637,08.86,6
0564.9276,08.86,6
0565.0915,08.86,6
0565.2554,08.87,6
0565.4193,08.87,6
0565.5832,08.87,6
0565.7471,08.87,6
0565.9110,08.87,6
0566.0748,08.87,6
0566.2387,08.87,6
0566.4026,08.87,6
0566.5665,08.87,6
0566.7304,08.87,6
0566.8943,08.87,6
0567.0582,08.87,6
0567.2221,08.88,6
0567.3860,08.88,6
0567.5498,08.88,6
0567.7137,08.89,6
0567.8776,08.89,6
0568.0415,08.89,6
0568.2054,08.89,6
0568.3693,08.88,6
0568.5332,08.89,6
0568.6971,08.89,6
0568.8610,08.89,6
0569.0249,08.89,6
0569.1887,08.89,6
0569.3526,08.89,6
0569.5165,08.90,6
0569.6804,08.90,6
0569.8443,08.90,6
0570.0082,08.90,6
0570.1721,08.91,6
0570.3360,08.91,6
0570.4999,08.91,6
0570.6638,08.91,6
0570.8276,08.91,6
0570.9915,08.91,6
0571.1554,08.92,6
0571.3193,08.92,6
0571.4832,08.93,6
0571.6471,08.93,6
0571.8110,08.93,6
0571.9749,08.94,6
0572.1388,08.94,6
0572.3026,08.94,6
0572.4665,08.95,6
0572.6304,08.95,6
0572.7943,08.95,6
0572.9582,08.95,6
0573.1221,08.96,6
0573.2860,08.96,6
0573.4499,08.96,6
0573.6138,08.97,6
0573.7777,08.97,6
0573.9415,08.98,6
0574.1054,08.98,6
0574.2693,08.98,6
0574.4332,08.99,6
0574.5971,08.99,6
0574.7610,08.99,6
0574.9249,09.00,6
0575.0888,09.00,6
0575.2527,09.00,6
0575.4166,09.00,6
0575.5804,09.01,6
0575.7443,09.01,6
0575.9082,09.02,6
0576.0721,09.02,6
0576.2360,09.02,6
0576.3999,09.03,6
0576.5638,09.03,6
0576.7277,09.03,6
0576.8916,09.04,6
0577.0554,09.04,6
0577.2193,09.04,6
0577.3832,09.04,6
0577.5471,09.04,6
0577.7110,09.05,6
0577.8749,09.05,6
0578.0388,09.05,6
0578.2027,09.05,6
0578.3666,09.06,6
0578.5305,09.06,6
0578.6943,09.06,6
0578.8582,09.07,6
0579.0221,09.07,6
0579.1860,09.07,6
0579.3499,09.07,6
0579.5138,09.07,6
0579.6777,09.07,6
0579.8416,09.07,6
0580.0055,09.08,6
0580.1694,09.08,6
0580.3332,09.08,6
0580.4971,09.08,6
0580.6610,09.08,6
0580.8249,09.08,6
0580.9888,09.08,6
0581.1527,09.08,6
0581.3166,09.08,6
0581.4805,09.08,6
0581.6444,09.08,6
0581.8082,09.08,6
0581.9721,09.08,6
0582.1360,09.09,6
0582.2999,09.09,6
0582.4638,09.09,6
0582.6277,09.09,6
0582.7916,09.09,6
0582.9555,09.08,6
0583.1194,09.08,6
0583.2833,09.08,6
0583.4471,09.08,6
0583.6110,09.08,6
0583.7749,09.08,6
0583.9388,09.07,6
0584.1027,09.07,6
0584.2666,09.07,6
0584.4305,09.08,6
0584.5944,09.08,6
0584.7583,09.08,6
0584.9222,09.08,6
0585.0860,09.08,6
0585.2499,09.07,6
0585.4138,09.07,6
0585.5777,09.07,6
0585.7416,09.07,6
0585.9055,09.06,6
0586.0694,09.06,6
0586.2333,09.06,6
0586.3972,09.06,6
0586.5610,09.06,6
0586.7249,09.05,6
0586.8888,09.05,6
0587.0527,09.05,6
0587.2166,09.05,6
0587.3805,09.05,6
0587.5444,09.05,6
0587.7083,09.05,6
0587.8722,09.04,6
0588.0361,09.04,6
0588.1999,09.04,6
0588.3638,09.04,6
0588.5277,09.04,6
0588.6916,09.04,6
0588.8555,09.04,6
0589.0194,09.03,6
0589.1833,09.03,6
0589.3472,09.03,6
0589.5111,09.03,6
0589.6750,09.03,6
0589.8388,09.03,6
0590.0027,09.03,6
0590.1666,09.02,6
0590.3305,09.02,6
0590.4944,09.02,6
0590.6583,09.02,6
0590.8222,09.02,6
0590.9861,09.02,6
0591.1500,09.02,6
0591.3138,09.02,6
0591.4777,09.02,6
0591.6416,09.02,6
0591.8055,09.02,6
0591.9694,09.02,6
0592.1333,09.02,6
0592.2972,09.02,6
0592.4611,09.01,6
0592.6250,09.01,6
0592.7889,09.01,6
0592.9527,09.01,6
0593.1166,09.01,6
0593.2805,09.01,6
0593.4444,09.01,6
0593.6083,09.01,6
0593.7722,09.01,6
0593.9361,09.01,6
0594.1000,09.01,6
0594.2639,09.01,6
0594.4278,09.01,6
0594.5916,09.01,6
0594.7555,09.01,6
0594.9194,09.01,6
0595.0833,09.01,6
0595.2472,09.01,6
0595.4111,09.01,6
0595.5750,09.01,6
0595.7389,09.02,6
0595.9028,09.02,6
0596.0666,09.02,6
0596.2305,09.02,6
0596.3944,09.02,6
0596.5583,09.03,6
0596.7222,09.03,6
0596.8861,09.02,6
0597.0500,09.03,6
0597.2139,09.03,6
0597.3778,09.03,6
0597.5417,09.03,6
0597.7055,09.03,6
0597.8694,09.04,6
0598.0333,09.04,6
0598.1972,09.05,6
0598.3611,09.05,6
0598.5250,09.06,6
0598.6889,09.06,6
0598.8528,09.06,6
0599.0167,09.07,6
0599.1806,09.07,6
0599.3444,09.07,6
0599.5083,09.08,6
0599.6722,09.08,6
0599.8361,09.08,6
