Time[s],Rotational_speed[rpm],Status
0000.0000,09.09,6
0000.1639,09.09,6
0000.3278,09.09,6
0000.4917,09.10,6
0000.6556,09.11,6
0000.8194,09.12,6
0000.9833,09.12,6
0001.1472,09.13,6
0001.3111,09.13,6
0001.4750,09.14,6
0001.6389,09.15,6
0001.8028,09.15,6
0001.9667,09.16,6
0002.1306,09.16,6
0002.2945,09.17,6
0002.4583,09.18,6
0002.6222,09.18,6
0002.7861,09.19,6
0002.9500,09.20,6
0003.1139,09.21,6
0003.2778,09.21,6
0003.4417,09.22,6
0003.6056,09.23,6
0003.7695,09.23,6
0003.9334,09.24,6
0004.0972,09.25,6
0004.2611,09.26,6
0004.4250,09.26,6
0004.5889,09.27,6
0004.7528,09.29,6
0004.9167,09.29,6
0005.0806,09.30,6
0005.2445,09.31,6
0005.4084,09.32,6
0005.5722,09.33,6
0005.7361,09.34,6
0005.9000,09.35,6
0006.0639,09.35,6
0006.2278,09.36,6
0006.3917,09.37,6
0006.5556,09.38,6
0006.7195,09.38,6
0006.8834,09.39,6
0007.0473,09.40,6
0007.2111,09.41,6
0007.3750,09.42,6
0007.5389,09.43,6
0007.7028,09.44,6
0007.8667,09.44,6
0008.0306,09.45,6
0008.1945,09.46,6
0008.3584,09.47,6
0008.5223,09.48,6
0008.6862,09.49,6
0008.8500,09.50,6
0009.0139,09.51,6
0009.1778,09.52,6
0009.3417,09.52,6
0009.5056,09.53,6
0009.6695,09.54,6
0009.8334,09.55,6
0009.9973,09.56,6
0010.1612,09.56,6
0010.3250,09.58,6
0010.4889,09.59,6
0010.6528,09.59,6
0010.8167,09.60,6
0010.9806,09.61,6
0011.1445,09.62,6
0011.3084,09.63,6
0011.4723,09.64,6
0011.6362,09.64,6
0011.8001,09.65,6
0011.9639,09.66,6
0012.1278,09.66,6
0012.2917,09.67,6
0012.4556,09.68,6
0012.6195,09.69,6
0012.7834,09.69,6
0012.9473,09.70,6
0013.1112,09.71,6
0013.2751,09.71,6
0013.4390,09.72,6
0013.6028,09.72,6
0013.7667,09.73,6
0013.9306,09.73,6
0014.0945,09.74,6
0014.2584,09.74,6
0014.4223,09.75,6
0014.5862,09.75,6
0014.7501,09.76,6
0014.9140,09.77,6
0015.0778,09.77,6
0015.2417,09.78,6
0015.4056,09.79,6
0015.5695,09.79,6
0015.7334,09.79,6
0015.8973,09.79,6
0016.0612,09.79,6
0016.2251,09.79,6
0016.3890,09.80,6
0016.5529,09.80,6
0016.7167,09.80,6
0016.8806,09.80,6
0017.0445,09.81,6
0017.2084,09.81,6
0017.3723,09.81,6
0017.5362,09.82,6
0017.7001,09.82,6
0017.8640,09.82,6
0018.0279,09.82,6
0018.1918,09.82,6
0018.3556,09.82,6
0018.5195,09.82,6
0018.6834,09.82,6
0018.8473,09.82,6
0019.0112,09.82,6
0019.1751,09.82,6
0019.3390,09.82,6
0019.5029,09.82,6
0019.6668,09.82,6
0019.8306,09.82,6
0019.9945,09.82,6
0020.1584,09.82,6
0020.3223,09.81,6
0020.4862,09.81,6
0020.6501,09.81,6
0020.8140,09.81,6
0020.9779,09.81,6
0021.1418,09.81,6
0021.3057,09.81,6
0021.4695,09.81,6
0021.6334,09.81,6
0021.7973,09.81,6
0021.9612,09.81,6
0022.1251,09.80,6
0022.2890,09.80,6
0022.4529,09.80,6
0022.6168,09.80,6
0022.7807,09.79,6
0022.9446,09.79,6
0023.1084,09.79,6
0023.2723,09.79,6
0023.4362,09.79,6
0023.6001,09.79,6
0023.7640,09.79,6
0023.9279,09.78,6
0024.0918,09.78,6
0024.2557,09.78,6
0024.4196,09.77,6
0024.5834,09.77,6
0024.7473,09.77,6
0024.9112,09.77,6
0025.0751,09.77,6
0025.2390,09.77,6
0025.4029,09.76,6
0025.5668,09.76,6
0025.7307,09.76,6
0025.8946,09.76,6
0026.0585,09.75,6
0026.2223,09.75,6
0026.3862,09.74,6
0026.5501,09.74,6
0026.7140,09.74,6
0026.8779,09.73,6
0027.0418,09.73,6
0027.2057,09.73,6
0027.3696,09.73,6
0027.5335,09.73,6
0027.6974,09.72,6
0027.8612,09.72,6
0028.0251,09.71,6
0028.1890,09.71,6
0028.3529,09.71,6
0028.5168,09.71,6
0028.6807,09.71,6
0028.8446,09.71,6
0029.0085,09.70,6
0029.1724,09.70,6
0029.3362,09.70,6
0029.5001,09.70,6
0029.6640,09.70,6
0029.8279,09.69,6
0029.9918,09.69,6
0030.1557,09.69,6
0030.3196,09.68,6
0030.4835,09.68,6
0030.6474,09.68,6
0030.8113,09.68,6
0030.9751,09.68,6
0031.1390,09.68,6
0031.3029,09.68,6
0031.4668,09.68,6
0031.6307,09.68,6
0031.7946,09.68,6
0031.9585,09.68,6
0032.1224,09.67,6
0032.2863,09.67,6
0032.4502,09.67,6
0032.6140,09.67,6
0032.7779,09.67,6
0032.9418,09.67,6
0033.1057,09.67,6
0033.2696,09.67,6
0033.4335,09.68,6
0033.5974,09.68,6
0033.7613,09.68,6
0033.9252,09.68,6
0034.0890,09.68,6
0034.2529,09.68,6
0034.4168,09.68,6
0034.5807,09.68,6
0034.7446,09.68,6
0034.9085,09.68,6
0035.0724,09.69,6
0035.2363,09.69,6
0035.4002,09.69,6
0035.5641,09.69,6
0035.7279,09.70,6
0035.8918,09.70,6
0036.0557,09.70,6
0036.2196,09.70,6
0036.3835,09.70,6
0036.5474,09.71,6
0036.7113,09.71,6
0036.8752,09.71,6
0037.0391,09.71,6
0037.2030,09.71,6
0037.3668,09.72,6
0037.5307,09.72,6
0037.6946,09.72,6
0037.8585,09.73,6
0038.0224,09.73,6
0038.1863,09.74,6
0038.3502,09.74,6
0038.5141,09.75,6
0038.6780,09.75,6
0038.8418,09.75,6
0039.0057,09.76,6
0039.1696,09.76,6
0039.3335,09.77,6
0039.4974,09.77,6
0039.6613,09.78,6
0039.8252,09.79,6
0039.9891,09.79,6
0040.1530,09.80,6
0040.3169,09.80,6
0040.4807,09.80,6
0040.6446,09.81,6
0040.8085,09.81,6
0040.9724,09.82,6
0041.1363,09.83,6
0041.3002,09.83,6
0041.4641,09.84,6
0041.6280,09.84,6
0041.7919,09.85,6
0041.9557,09.86,6
0042.1196,09.86,6
0042.2835,09.87,6
0042.4474,09.88,6
0042.6113,09.88,6
0042.7752,09.88,6
0042.9391,09.89,6
0043.1030,09.89,6
0043.2669,09.90,6
0043.4308,09.90,6
0043.5946,09.91,6
0043.7585,09.91,6
0043.9224,09.92,6
0044.0863,09.92,6
0044.2502,09.92,6
0044.4141,09.93,6
0044.5780,09.93,6
0044.7419,09.93,6
0044.9058,09.94,6
0045.0697,09.94,6
0045.2335,09.95,6
0045.3974,09.95,6
0045.5613,09.96,6
0045.7252,09.96,6
0045.8891,09.97,6
0046.0530,09.97,6
0046.2169,09.98,6
0046.3808,09.98,6
0046.5447,09.98,6
0046.7085,09.98,6
0046.8724,09.99,6
0047.0363,09.99,6
0047.2002,10.00,6
0047.3641,10.00,6
0047.5280,10.00,6
0047.6919,10.00,6
0047.8558,10.01,6
0048.0197,10.02,6
0048.1836,10.02,6
0048.3474,10.02,6
0048.5113,10.03,6
0048.6752,10.03,6
0048.8391,10.03,6
0049.0030,10.04,6
0049.1669,10.04,6
0049.3308,10.05,6
0049.4947,10.05,6
0049.6586,10.05,6
0049.8225,10.06,6
0049.9863,10.06,6
0050.1502,10.07,6
0050.3141,10.07,6
0050.4780,10.07,6
0050.6419,10.07,6
0050.8058,10.07,6
0050.9697,10.08,6
0051.1336,10.08,6
0051.2975,10.09,6
0051.4613,10.09,6
0051.6252,10.10,6
0051.7891,10.10,6
0051.9530,10.11,6
0052.1169,10.11,6
0052.2808,10.11,6
0052.4447,10.12,6
0052.6086,10.12,6
0052.7725,10.12,6
0052.9364,10.13,6
0053.1002,10.13,6
0053.2641,10.13,6
0053.4280,10.14,6
0053.5919,10.14,6
0053.7558,10.15,6
0053.9197,10.16,6
0054.0836,10.16,6
0054.2475,10.16,6
0054.4114,10.16,6
0054.5753,10.17,6
0054.7391,10.17,6
0054.9030,10.18,6
0055.0669,10.18,6
0055.2308,10.19,6
0055.3947,10.19,6
0055.5586,10.20,6
0055.7225,10.21,6
0055.8864,10.21,6
0056.0503,10.22,6
0056.2141,10.22,6
0056.3780,10.22,6
0056.5419,10.23,6
0056.7058,10.23,6
0056.8697,10.24,6
0057.0336,10.24,6
0057.1975,10.25,6
0057.3614,10.26,6
0057.5253,10.26,6
0057.6892,10.27,6
0057.8530,10.27,6
0058.0169,10.28,6
0058.1808,10.28,6
0058.3447,10.29,6
0058.5086,10.29,6
0058.6725,10.30,6
0058.8364,10.31,6
0059.0003,10.31,6
0059.1642,10.32,6
0059.3281,10.33,6
0059.4919,10.34,6
0059.6558,10.34,6
0059.8197,10.35,6
0059.9836,10.36,6
0060.1475,10.37,6
0060.3114,10.37,6
0060.4753,10.38,6
0060.6392,10.39,6
0060.8031,10.39,6
0060.9669,10.41,6
0061.1308,10.41,6
0061.2947,10.42,6
0061.4586,10.43,6
0061.6225,10.44,6
0061.7864,10.45,6
0061.9503,10.45,6
0062.1142,10.46,6
0062.2781,10.46,6
0062.4420,10.47,6
0062.6058,10.48,6
0062.7697,10.49,6
0062.9336,10.50,6
0063.0975,10.51,6
0063.2614,10.52,6
0063.4253,10.52,6
0063.5892,10.53,6
0063.7531,10.54,6
0063.9170,10.54,6
0064.0809,10.54,6
0064.2447,10.55,6
0064.4086,10.55,6
0064.5725,10.56,6
0064.7364,10.57,6
0064.9003,10.57,6
0065.0642,10.59,6
0065.2281,10.59,6
0065.3920,10.60,6
0065.5559,10.60,6
0065.7197,10.61,6
0065.8836,10.61,6
0066.0475,10.61,6
0066.2114,10.62,6
0066.3753,10.63,6
0066.5392,10.64,6
0066.7031,10.64,6
0066.8670,10.65,6
0067.0309,10.65,6
0067.1948,10.66,6
0067.3586,10.66,6
0067.5225,10.67,6
0067.6864,10.67,6
0067.8503,10.67,6
0068.0142,10.67,6
0068.1781,10.68,6
0068.3420,10.69,6
0068.5059,10.70,6
0068.6698,10.70,6
0068.8337,10.71,6
0068.9975,10.72,6
0069.1614,10.72,6
0069.3253,10.72,6
0069.4892,10.73,6
0069.6531,10.73,6
0069.8170,10.73,6
0069.9809,10.74,6
0070.1448,10.74,6
0070.3087,10.75,6
0070.4725,10.75,6
0070.6364,10.76,6
0070.8003,10.76,6
0070.9642,10.77,6
0071.1281,10.78,6
0071.2920,10.78,6
0071.4559,10.78,6
0071.6198,10.78,6
0071.7837,10.79,6
0071.9476,10.79,6
0072.1114,10.81,6
0072.2753,10.81,6
0072.4392,10.82,6
0072.6031,10.82,6
0072.7670,10.82,6
0072.9309,10.83,6
0073.0948,10.83,6
0073.2587,10.83,6
0073.4226,10.83,6
0073.5865,10.83,6
0073.7503,10.84,6
0073.9142,10.84,6
0074.0781,10.85,6
0074.2420,10.85,6
0074.4059,10.86,6
0074.5698,10.86,6
0074.7337,10.86,6
0074.8976,10.86,6
0075.0615,10.87,6
0075.2253,10.87,6
0075.3892,10.87,6
0075.5531,10.87,6
0075.7170,10.88,6
0075.8809,10.88,6
0076.0448,10.88,6
0076.2087,10.89,6
0076.3726,10.89,6
0076.5365,10.89,6
0076.7004,10.89,6
0076.8642,10.89,6
0077.0281,10.89,6
0077.1920,10.89,6
0077.3559,10.90,6
0077.5198,10.90,6
0077.6837,10.90,6
0077.8476,10.91,6
0078.0115,10.91,6
0078.1754,10.91,6
0078.3393,10.91,6
0078.5031,10.91,6
0078.6670,10.91,6
0078.8309,10.91,6
0078.9948,10.91,6
0079.1587,10.92,6
0079.3226,10.92,6
0079.4865,10.92,6
0079.6504,10.92,6
0079.8143,10.93,6
0079.9781,10.93,6
0080.1420,10.93,6
0080.3059,10.93,6
0080.4698,10.93,6
0080.6337,10.93,6
0080.7976,10.93,6
0080.9615,10.93,6
0081.1254,10.93,6
0081.2893,10.93,6
0081.4532,10.93,6
0081.6170,10.94,6
0081.7809,10.94,6
0081.9448,10.94,6
0082.1087,10.94,6
0082.2726,10.94,6
0082.4365,10.94,6
0082.6004,10.94,6
0082.7643,10.94,6
0082.9282,10.94,6
0083.0921,10.94,6
0083.2559,10.94,6
0083.4198,10.94,6
0083.5837,10.94,6
0083.7476,10.94,6
0083.9115,10.94,6
0084.0754,10.94,6
0084.2393,10.94,6
0084.4032,10.93,6
0084.5671,10.93,6
0084.7309,10.93,6
0084.8948,10.93,6
0085.0587,10.93,6
0085.2226,10.93,6
0085.3865,10.93,6
0085.5504,10.93,6
0085.7143,10.93,6
0085.8782,10.93,6
0086.0421,10.93,6
0086.2060,10.92,6
0086.3698,10.92,6
0086.5337,10.92,6
0086.6976,10.91,6
0086.8615,10.91,6
0087.0254,10.91,6
0087.1893,10.91,6
0087.3532,10.90,6
0087.5171,10.90,6
0087.6810,10.90,6
0087.8449,10.90,6
0088.0087,10.90,6
0088.1726,10.90,6
0088.3365,10.89,6
0088.5004,10.89,6
0088.6643,10.89,6
0088.8282,10.89,6
0088.9921,10.88,6
0089.1560,10.88,6
0089.3199,10.88,6
0089.4837,10.88,6
0089.6476,10.88,6
0089.8115,10.87,6
0089.9754,10.87,6
0090.1393,10.86,6
0090.3032,10.86,6
0090.4671,10.86,6
0090.6310,10.85,6
0090.7949,10.85,6
0090.9588,10.85,6
0091.1226,10.84,6
0091.2865,10.84,6
0091.4504,10.84,6
0091.6143,10.83,6
0091.7782,10.83,6
0091.9421,10.82,6
0092.1060,10.82,6
0092.2699,10.82,6
0092.4338,10.82,6
0092.5977,10.81,6
0092.7615,10.81,6
0092.9254,10.80,6
0093.0893,10.80,6
0093.2532,10.80,6
0093.4171,10.80,6
0093.5810,10.79,6
0093.7449,10.79,6
0093.9088,10.78,6
0094.0727,10.78,6
0094.2365,10.78,6
0094.4004,10.78,6
0094.5643,10.77,6
0094.7282,10.77,6
0094.8921,10.76,6
0095.0560,10.76,6
0095.2199,10.75,6
0095.3838,10.75,6
0095.5477,10.74,6
0095.7116,10.74,6
0095.8754,10.74,6
0096.0393,10.73,6
0096.2032,10.73,6
0096.3671,10.73,6
0096.5310,10.72,6
0096.6949,10.72,6
0096.8588,10.72,6
0097.0227,10.71,6
0097.1866,10.70,6
0097.3505,10.70,6
0097.5143,10.69,6
0097.6782,10.69,6
0097.8421,10.69,6
0098.0060,10.68,6
0098.1699,10.68,6
0098.3338,10.67,6
0098.4977,10.67,6
0098.6616,10.67,6
0098.8255,10.67,6
0098.9893,10.66,6
0099.1532,10.66,6
0099.3171,10.65,6
0099.4810,10.65,6
0099.6449,10.65,6
0099.8088,10.65,6
0099.9727,10.64,6
0100.1366,10.64,6
0100.3005,10.63,6
0100.4644,10.63,6
0100.6282,10.63,6
0100.7921,10.62,6
0100.9560,10.62,6
0101.1199,10.61,6
0101.2838,10.60,6
0101.4477,10.60,6
0101.6116,10.60,6
0101.7755,10.60,6
0101.9394,10.59,6
0102.1033,10.59,6
0102.2671,10.59,6
0102.4310,10.59,6
0102.5949,10.58,6
0102.7588,10.58,6
0102.9227,10.57,6
0103.0866,10.57,6
0103.2505,10.57,6
0103.4144,10.56,6
0103.5783,10.56,3
0103.7421,10.56,3
0103.9060,10.56,3
0104.0699,10.55,3
0104.2338,10.55,3
0104.3977,10.55,3
0104.5616,10.55,3
0104.7255,10.54,3
0104.8894,10.54,3
0105.0533,10.53,3
0105.2172,10.53,3
0105.3810,10.53,3
0105.5449,10.53,3
0105.7088,10.53,3
0105.8727,10.52,3
0106.0366,10.52,3
0106.2005,10.52,3
0106.3644,10.52,3
0106.5283,10.51,3
0106.6922,10.51,3
0106.8561,10.50,3
0107.0199,10.50,3
0107.1838,10.50,3
0107.3477,10.49,3
0107.5116,10.49,3
0107.6755,10.49,3
0107.8394,10.48,3
0108.0033,10.48,3
0108.1672,10.48,3
0108.3311,10.47,3
0108.4949,10.47,3
0108.6588,10.46,3
0108.8227,10.46,3
0108.9866,10.46,3
0109.1505,10.46,3
0109.3144,10.45,3
0109.4783,10.45,3
0109.6422,10.45,3
0109.8061,10.44,3
0109.9700,10.44,3
0110.1338,10.44,3
0110.2977,10.43,3
0110.4616,10.43,3
0110.6255,10.42,3
0110.7894,10.42,3
0110.9533,10.41,3
0111.1172,10.41,3
0111.2811,10.41,3
0111.4450,10.40,3
0111.6089,10.40,3
0111.7727,10.40,3
0111.9366,10.39,3
0112.1005,10.39,3
0112.2644,10.38,3
0112.4283,10.38,3
0112.5922,10.37,3
0112.7561,10.37,3
0112.9200,10.36,3
0113.0839,10.36,3
0113.2477,10.35,3
0113.4116,10.35,3
0113.5755,10.35,3
0113.7394,10.34,3
0113.9033,10.33,3
0114.0672,10.33,3
0114.2311,10.33,3
0114.3950,10.32,3
0114.5589,10.32,3
0114.7228,10.31,3
0114.8866,10.30,3
0115.0505,10.30,3
0115.2144,10.30,3
0115.3783,10.29,3
0115.5422,10.29,3
0115.7061,10.28,3
0115.8700,10.28,3
0116.0339,10.28,3
0116.1978,10.28,3
0116.3616,10.27,3
0116.5255,10.27,3
0116.6894,10.26,3
0116.8533,10.26,3
0117.0172,10.26,3
0117.1811,10.26,3
0117.3450,10.25,3
0117.5089,10.25,3
0117.6728,10.24,3
0117.8367,10.23,3
0118.0005,10.23,3
0118.1644,10.23,3
0118.3283,10.22,3
0118.4922,10.22,3
0118.6561,10.22,3
0118.8200,10.21,6
0118.9839,10.21,6
0119.1478,10.21,6
0119.3117,10.21,6
0119.4756,10.21,6
0119.6394,10.21,6
0119.8033,10.20,6
0119.9672,10.20,6
0120.1311,10.20,6
0120.2950,10.19,6
0120.4589,10.19,6
0120.6228,10.19,6
0120.7867,10.19,6
0120.9506,10.19,6
0121.1144,10.18,6
0121.2783,10.18,6
0121.4422,10.18,6
0121.6061,10.18,6
0121.7700,10.18,6
0121.9339,10.18,6
0122.0978,10.18,6
0122.2617,10.18,6
0122.4256,10.18,6
0122.5895,10.17,6
0122.7533,10.18,6
0122.9172,10.17,6
0123.0811,10.17,6
0123.2450,10.17,6
0123.4089,10.17,6
0123.5728,10.17,6
0123.7367,10.17,6
0123.9006,10.16,6
0124.0645,10.16,6
0124.2284,10.16,6
0124.3922,10.16,6
0124.5561,10.16,6
0124.7200,10.16,6
0124.8839,10.15,6
0125.0478,10.15,6
0125.2117,10.15,6
0125.3756,10.16,6
0125.5395,10.15,6
0125.7034,10.15,6
0125.8672,10.15,6
0126.0311,10.15,6
0126.1950,10.15,6
0126.3589,10.15,6
0126.5228,10.15,6
0126.6867,10.15,6
0126.8506,10.15,6
0127.0145,10.15,6
0127.1784,10.15,6
0127.3423,10.15,6
0127.5061,10.14,6
0127.6700,10.14,6
0127.8339,10.14,6
0127.9978,10.14,6
0128.1617,10.14,6
0128.3256,10.14,6
0128.4895,10.14,6
0128.6534,10.14,6
0128.8173,10.14,6
0128.9812,10.14,6
0129.1450,10.14,6
0129.3089,10.14,6
0129.4728,10.14,6
0129.6367,10.14,6
0129.8006,10.14,6
0129.9645,10.14,6
0130.1284,10.14,6
0130.2923,10.14,6
0130.4562,10.14,6
0130.6200,10.14,6
0130.7839,10.13,6
0130.9478,10.13,6
0131.1117,10.14,6
0131.2756,10.14,6
0131.4395,10.14,6
0131.6034,10.14,6
0131.7673,10.14,6
0131.9312,10.14,6
0132.0951,10.14,6
0132.2589,10.14,6
0132.4228,10.14,6
0132.5867,10.14,6
0132.7506,10.14,6
0132.9145,10.14,6
0133.0784,10.14,6
0133.2423,10.14,6
0133.4062,10.14,6
0133.5701,10.15,6
0133.7340,10.15,6
0133.8978,10.15,6
0134.0617,10.15,6
0134.2256,10.15,6
0134.3895,10.15,6
0134.5534,10.15,6
0134.7173,10.16,6
0134.8812,10.16,6
0135.0451,10.16,6
0135.2090,10.16,6
0135.3728,10.16,6
0135.5367,10.16,6
0135.7006,10.16,6
0135.8645,10.17,6
0136.0284,10.17,6
0136.1923,10.17,6
0136.3562,10.17,6
0136.5201,10.17,6
0136.6840,10.17,6
0136.8479,10.17,6
0137.0117,10.17,6
0137.1756,10.17,6
0137.3395,10.17,6
0137.5034,10.17,6
0137.6673,10.17,6
0137.8312,10.17,6
0137.9951,10.17,6
0138.1590,10.18,6
0138.3229,10.18,6
0138.4868,10.18,6
0138.6506,10.18,6
0138.8145,10.18,6
0138.9784,10.18,6
0139.1423,10.18,6
0139.3062,10.18,6
0139.4701,10.18,6
0139.6340,10.18,6
0139.7979,10.18,6
0139.9618,10.18,6
0140.1256,10.18,6
0140.2895,10.18,6
0140.4534,10.19,6
0140.6173,10.19,6
0140.7812,10.19,6
0140.9451,10.19,6
0141.1090,10.18,6
0141.2729,10.18,6
0141.4368,10.18,6
0141.6007,10.18,6
0141.7645,10.18,6
0141.9284,10.18,6
0142.0923,10.18,6
0142.2562,10.18,6
0142.4201,10.19,6
0142.5840,10.19,6
0142.7479,10.19,6
0142.9118,10.18,6
0143.0757,10.18,6
0143.2396,10.19,6
0143.4034,10.19,6
0143.5673,10.19,6
0143.7312,10.19,6
0143.8951,10.19,6
0144.0590,10.19,6
0144.2229,10.19,6
0144.3868,10.19,6
0144.5507,10.19,6
0144.7146,10.19,6
0144.8784,10.19,6
0145.0423,10.19,6
0145.2062,10.19,6
0145.3701,10.19,6
0145.5340,10.19,6
0145.6979,10.19,6
0145.8618,10.19,6
0146.0257,10.19,6
0146.1896,10.19,6
0146.3535,10.19,6
0146.5173,10.19,6
0146.6812,10.19,6
0146.8451,10.18,6
0147.0090,10.18,6
0147.1729,10.18,6
0147.3368,10.18,6
0147.5007,10.18,6
0147.6646,10.18,6
0147.8285,10.17,6
0147.9924,10.17,6
0148.1562,10.17,6
0148.3201,10.16,6
0148.4840,10.16,6
0148.6479,10.16,6
0148.8118,10.16,6
0148.9757,10.16,6
0149.1396,10.16,6
0149.3035,10.16,6
0149.4674,10.15,6
0149.6312,10.15,6
0149.7951,10.15,6
0149.9590,10.14,6
0150.1229,10.14,6
0150.2868,10.14,6
0150.4507,10.14,6
0150.6146,10.13,6
0150.7785,10.13,6
0150.9424,10.13,6
0151.1063,10.13,6
0151.2701,10.13,6
0151.4340,10.13,6
0151.5979,10.12,6
0151.7618,10.12,6
0151.9257,10.12,6
0152.0896,10.11,6
0152.2535,10.11,6
0152.4174,10.10,6
0152.5813,10.10,6
0152.7452,10.11,6
0152.9090,10.10,6
0153.0729,10.10,6
0153.2368,10.10,6
0153.4007,10.10,6
0153.5646,10.09,6
0153.7285,10.09,6
0153.8924,10.08,6
0154.0563,10.08,6
0154.2202,10.08,6
0154.3840,10.07,6
0154.5479,10.07,6
0154.7118,10.07,6
0154.8757,10.07,6
0155.0396,10.07,6
0155.2035,10.07,6
0155.3674,10.06,6
0155.5313,10.06,6
0155.6952,10.06,6
0155.8591,10.05,6
0156.0229,10.05,6
0156.1868,10.05,6
0156.3507,10.05,6
0156.5146,10.05,6
0156.6785,10.05,6
0156.8424,10.04,6
0157.0063,10.04,6
0157.1702,10.04,6
0157.3341,10.04,6
0157.4980,10.03,6
0157.6618,10.03,6
0157.8257,10.02,6
0157.9896,10.02,6
0158.1535,10.02,6
0158.3174,10.01,6
0158.4813,10.01,6
0158.6452,10.01,6
0158.8091,10.01,6
0158.9730,10.00,6
0159.1368,10.00,6
0159.3007,10.00,6
0159.4646,09.99,6
0159.6285,09.99,6
0159.7924,09.98,6
0159.9563,09.98,3
0160.1202,09.97,3
0160.2841,09.97,3
0160.4480,09.97,3
0160.6119,09.97,3
0160.7757,09.96,3
0160.9396,09.96,3
0161.1035,09.96,3
0161.2674,09.95,3
0161.4313,09.95,3
0161.5952,09.94,3
0161.7591,09.94,3
0161.9230,09.93,3
0162.0869,09.92,3
0162.2508,09.92,3
0162.4146,09.92,3
0162.5785,09.92,3
0162.7424,09.92,3
0162.9063,09.91,3
0163.0702,09.91,3
0163.2341,09.90,3
0163.3980,09.90,3
0163.5619,09.89,3
0163.7258,09.89,3
0163.8896,09.88,3
0164.0535,09.88,3
0164.2174,09.88,3
0164.3813,09.87,3
0164.5452,09.87,3
0164.7091,09.87,3
0164.8730,09.87,3
0165.0369,09.86,3
0165.2008,09.86,3
0165.3647,09.85,3
0165.5285,09.85,3
0165.6924,09.84,3
0165.8563,09.83,3
0166.0202,09.83,3
0166.1841,09.83,3
0166.3480,09.82,3
0166.5119,09.82,3
0166.6758,09.82,3
0166.8397,09.82,3
0167.0036,09.82,3
0167.1674,09.82,3
0167.3313,09.81,3
0167.4952,09.81,3
0167.6591,09.80,3
0167.8230,09.80,3
0167.9869,09.79,3
0168.1508,09.79,3
0168.3147,09.79,3
0168.4786,09.78,3
0168.6424,09.78,3
0168.8063,09.78,3
0168.9702,09.78,3
0169.1341,09.78,3
0169.2980,09.78,3
0169.4619,09.78,3
0169.6258,09.77,3
0169.7897,09.77,3
0169.9536,09.77,3
0170.1175,09.77,3
0170.2813,09.76,3
0170.4452,09.76,3
0170.6091,09.76,3
0170.7730,09.76,3
0170.9369,09.75,3
0171.1008,09.75,3
0171.2647,09.75,3
0171.4286,09.74,3
0171.5925,09.74,3
0171.7564,09.74,3
0171.9202,09.74,3
0172.0841,09.73,3
0172.2480,09.73,3
0172.4119,09.72,3
0172.5758,09.72,3
0172.7397,09.72,3
0172.9036,09.71,3
0173.0675,09.71,3
0173.2314,09.71,3
0173.3952,09.71,3
0173.5591,09.71,3
0173.7230,09.70,3
0173.8869,09.70,3
0174.0508,09.69,3
0174.2147,09.69,3
0174.3786,09.69,3
0174.5425,09.68,3
0174.7064,09.68,3
0174.8703,09.68,3
0175.0341,09.67,3
0175.1980,09.67,3
0175.3619,09.67,3
0175.5258,09.67,3
0175.6897,09.67,3
0175.8536,09.66,3
0176.0175,09.66,3
0176.1814,09.66,3
0176.3453,09.65,3
0176.5092,09.65,3
0176.6730,09.65,3
0176.8369,09.64,3
0177.0008,09.64,3
0177.1647,09.64,3
0177.3286,09.64,3
0177.4925,09.64,3
0177.6564,09.64,3
0177.8203,09.64,3
0177.9842,09.63,3
0178.1480,09.63,3
0178.3119,09.62,1
0178.4758,09.62,1
0178.6397,09.61,1
0178.8036,09.61,1
0178.9675,09.61,1
0179.1314,09.61,1
0179.2953,09.61,1
0179.4592,09.61,1
0179.6231,09.61,1
0179.7869,09.61,1
0179.9508,09.61,1
0180.1147,09.61,1
0180.2786,09.60,1
0180.4425,09.60,1
0180.6064,09.59,1
0180.7703,09.59,1
0180.9342,09.58,1
0181.0981,09.58,1
0181.2620,09.58,1
0181.4258,09.58,1
0181.5897,09.58,1
0181.7536,09.57,1
0181.9175,09.57,1
0182.0814,09.57,1
0182.2453,09.57,1
0182.4092,09.57,1
0182.5731,09.56,1
0182.7370,09.56,1
0182.9008,09.56,1
0183.0647,09.55,1
0183.2286,09.55,1
0183.3925,09.55,1
0183.5564,09.54,1
0183.7203,09.54,1
0183.8842,09.54,1
0184.0481,09.54,1
0184.2120,09.54,1
0184.3759,09.53,1
0184.5397,09.53,1
0184.7036,09.52,1
0184.8675,09.52,1
0185.0314,09.51,1
0185.1953,09.51,1
0185.3592,09.50,1
0185.5231,09.50,1
0185.6870,09.50,1
0185.8509,09.50,1
0186.0148,09.49,1
0186.1786,09.49,1
0186.3425,09.49,1
0186.5064,09.49,1
0186.6703,09.48,1
0186.8342,09.48,1
0186.9981,09.47,1
0187.1620,09.47,1
0187.3259,09.47,1
0187.4898,09.46,1
0187.6536,09.46,1
0187.8175,09.45,1
0187.9814,09.45,1
0188.1453,09.44,1
0188.3092,09.44,1
0188.4731,09.44,1
0188.6370,09.43,1
0188.8009,09.43,1
0188.9648,09.43,1
0189.1287,09.43,1
0189.2925,09.42,1
0189.4564,09.42,1
0189.6203,09.41,1
0189.7842,09.41,1
0189.9481,09.41,1
0190.1120,09.40,1
0190.2759,09.40,1
0190.4398,09.40,1
0190.6037,09.40,1
0190.7675,09.39,1
0190.9314,09.39,1
0191.0953,09.39,1
0191.2592,09.38,1
0191.4231,09.38,1
0191.5870,09.38,1
0191.7509,09.38,1
0191.9148,09.37,1
0192.0787,09.37,1
0192.2426,09.37,1
0192.4064,09.37,1
0192.5703,09.37,1
0192.7342,09.36,1
0192.8981,09.36,1
0193.0620,09.36,1
0193.2259,09.36,1
0193.3898,09.36,1
0193.5537,09.36,1
0193.7176,09.36,1
0193.8815,09.36,1
0194.0453,09.36,1
0194.2092,09.36,1
0194.3731,09.36,1
0194.5370,09.36,1
0194.7009,09.36,1
0194.8648,09.36,1
0195.0287,09.36,1
0195.1926,09.37,1
0195.3565,09.37,1
0195.5203,09.37,1
0195.6842,09.37,1
0195.8481,09.37,1
0196.0120,09.38,1
0196.1759,09.38,1
0196.3398,09.38,1
0196.5037,09.38,1
0196.6676,09.39,1
0196.8315,09.39,1
0196.9954,09.39,1
0197.1592,09.40,1
0197.3231,09.40,1
0197.4870,09.41,1
0197.6509,09.41,1
0197.8148,09.42,1
0197.9787,09.42,1
0198.1426,09.42,1
0198.3065,09.43,1
0198.4704,09.43,1
0198.6343,09.44,1
0198.7981,09.44,1
0198.9620,09.45,1
0199.1259,09.45,1
0199.2898,09.46,1
0199.4537,09.46,1
0199.6176,09.47,1
0199.7815,09.47,1
0199.9454,09.48,1
0200.1093,09.48,1
0200.2731,09.49,1
0200.4370,09.49,1
0200.6009,09.50,1
0200.7648,09.50,1
0200.9287,09.51,1
0201.0926,09.52,1
0201.2565,09.52,1
0201.4204,09.53,1
0201.5843,09.53,1
0201.7482,09.54,1
0201.9120,09.55,1
0202.0759,09.55,1
0202.2398,09.55,1
0202.4037,09.56,1
0202.5676,09.56,1
0202.7315,09.57,1
0202.8954,09.57,1
0203.0593,09.58,1
0203.2232,09.58,1
0203.3871,09.59,1
0203.5509,09.59,1
0203.7148,09.59,1
0203.8787,09.60,1
0204.0426,09.61,1
0204.2065,09.61,3
0204.3704,09.62,3
0204.5343,09.62,3
0204.6982,09.63,3
0204.8621,09.63,3
0205.0259,09.64,3
0205.1898,09.64,3
0205.3537,09.64,3
0205.5176,09.65,3
0205.6815,09.65,3
0205.8454,09.65,3
0206.0093,09.66,3
0206.1732,09.67,3
0206.3371,09.67,3
0206.5010,09.68,3
0206.6648,09.68,3
0206.8287,09.68,3
0206.9926,09.69,3
0207.1565,09.70,3
0207.3204,09.70,3
0207.4843,09.70,3
0207.6482,09.71,3
0207.8121,09.71,3
0207.9760,09.71,3
0208.1399,09.72,3
0208.3037,09.72,3
0208.4676,09.73,3
0208.6315,09.73,3
0208.7954,09.73,3
0208.9593,09.73,3
0209.1232,09.73,3
0209.2871,09.74,3
0209.4510,09.74,3
0209.6149,09.74,3
0209.7787,09.74,3
0209.9426,09.75,3
0210.1065,09.75,3
0210.2704,09.75,3
0210.4343,09.75,3
0210.5982,09.75,3
0210.7621,09.76,3
0210.9260,09.76,3
0211.0899,09.76,3
0211.2538,09.77,3
0211.4176,09.77,3
0211.5815,09.77,3
0211.7454,09.77,3
0211.9093,09.77,3
0212.0732,09.77,3
0212.2371,09.77,3
0212.4010,09.78,3
0212.5649,09.78,3
0212.7288,09.78,3
0212.8927,09.78,3
0213.0565,09.78,3
0213.2204,09.79,3
0213.3843,09.79,3
0213.5482,09.79,3
0213.7121,09.80,3
0213.8760,09.80,3
0214.0399,09.80,3
0214.2038,09.80,3
0214.3677,09.80,3
0214.5315,09.81,3
0214.6954,09.81,3
0214.8593,09.81,3
0215.0232,09.81,3
0215.1871,09.81,3
0215.3510,09.82,3
0215.5149,09.82,3
0215.6788,09.82,3
0215.8427,09.82,3
0216.0066,09.82,3
0216.1704,09.82,3
0216.3343,09.83,3
0216.4982,09.83,3
0216.6621,09.83,3
0216.8260,09.84,3
0216.9899,09.84,3
0217.1538,09.85,3
0217.3177,09.85,3
0217.4816,09.85,3
0217.6455,09.85,3
0217.8093,09.85,3
0217.9732,09.86,3
0218.1371,09.86,3
0218.3010,09.86,3
0218.4649,09.86,3
0218.6288,09.86,3
0218.7927,09.87,3
0218.9566,09.87,3
0219.1205,09.87,3
0219.2843,09.88,3
0219.4482,09.88,3
0219.6121,09.88,3
0219.7760,09.88,3
0219.9399,09.89,3
0220.1038,09.89,3
0220.2677,09.89,3
0220.4316,09.89,3
0220.5955,09.89,3
0220.7594,09.90,3
0220.9232,09.90,3
0221.0871,09.90,3
0221.2510,09.90,3
0221.4149,09.90,3
0221.5788,09.91,3
0221.7427,09.91,3
0221.9066,09.91,3
0222.0705,09.91,3
0222.2344,09.91,3
0222.3983,09.91,3
0222.5621,09.91,3
0222.7260,09.91,3
0222.8899,09.92,3
0223.0538,09.92,3
0223.2177,09.92,3
0223.3816,09.93,3
0223.5455,09.93,3
0223.7094,09.93,3
0223.8733,09.93,3
0224.0371,09.93,3
0224.2010,09.93,3
0224.3649,09.93,3
0224.5288,09.94,3
0224.6927,09.94,3
0224.8566,09.94,3
0225.0205,09.95,3
0225.1844,09.95,3
0225.3483,09.96,3
0225.5122,09.96,3
0225.6760,09.96,3
0225.8399,09.96,3
0226.0038,09.96,3
0226.1677,09.96,3
0226.3316,09.96,3
0226.4955,09.97,3
0226.6594,09.97,3
0226.8233,09.97,3
0226.9872,09.98,3
0227.1511,09.98,1
0227.3149,09.98,1
0227.4788,09.99,1
0227.6427,09.99,1
0227.8066,09.99,1
0227.9705,09.99,1
0228.1344,09.98,1
0228.2983,09.98,1
0228.4622,09.98,1
0228.6261,09.98,1
0228.7899,09.99,1
0228.9538,09.99,1
0229.1177,09.99,1
0229.2816,09.99,1
0229.4455,09.99,1
0229.6094,10.00,1
0229.7733,10.00,1
0229.9372,10.00,1
0230.1011,10.00,1
0230.2650,09.99,1
0230.4288,09.99,1
0230.5927,09.99,1
0230.7566,09.99,1
0230.9205,10.00,1
0231.0844,10.00,1
0231.2483,10.00,1
0231.4122,10.00,1
0231.5761,10.00,1
0231.7400,10.00,1
0231.9039,10.00,1
0232.0677,10.00,1
0232.2316,10.00,1
0232.3955,09.99,1
0232.5594,09.99,1
0232.7233,09.99,1
0232.8872,09.99,1
0233.0511,09.99,1
0233.2150,09.99,1
0233.3789,09.99,1
0233.5427,09.99,1
0233.7066,09.99,1
0233.8705,09.99,1
0234.0344,09.98,1
0234.1983,09.98,1
0234.3622,09.98,1
0234.5261,09.98,1
0234.6900,09.98,1
0234.8539,09.97,1
0235.0178,09.97,1
0235.1816,09.97,1
0235.3455,09.97,1
0235.5094,09.97,1
0235.6733,09.97,1
0235.8372,09.97,1
0236.0011,09.96,1
0236.1650,09.96,1
0236.3289,09.96,1
0236.4928,09.95,1
0236.6567,09.95,1
0236.8205,09.95,1
0236.9844,09.95,1
0237.1483,09.95,1
0237.3122,09.95,1
0237.4761,09.94,1
0237.6400,09.94,1
0237.8039,09.94,1
0237.9678,09.94,1
0238.1317,09.94,1
0238.2955,09.93,1
0238.4594,09.93,1
0238.6233,09.93,1
0238.7872,09.93,1
0238.9511,09.92,1
0239.1150,09.92,1
0239.2789,09.92,1
0239.4428,09.92,1
0239.6067,09.92,1
0239.7706,09.91,1
0239.9344,09.91,1
0240.0983,09.91,1
0240.2622,09.90,1
0240.4261,09.90,1
0240.5900,09.90,1
0240.7539,09.89,1
0240.9178,09.89,1
0241.0817,09.89,1
0241.2456,09.89,1
0241.4095,09.89,1
0241.5733,09.88,1
0241.7372,09.88,1
0241.9011,09.88,1
0242.0650,09.88,1
0242.2289,09.88,1
0242.3928,09.88,6
0242.5567,09.88,6
0242.7206,09.87,6
0242.8845,09.87,6
0243.0483,09.87,6
0243.2122,09.86,6
0243.3761,09.86,6
0243.5400,09.86,6
0243.7039,09.86,6
0243.8678,09.86,6
0244.0317,09.86,6
0244.1956,09.86,6
0244.3595,09.86,6
0244.5234,09.87,6
0244.6872,09.86,6
0244.8511,09.86,6
0245.0150,09.86,6
0245.1789,09.86,6
0245.3428,09.86,6
0245.5067,09.86,6
0245.6706,09.86,6
0245.8345,09.86,6
0245.9984,09.86,6
0246.1623,09.86,6
0246.3261,09.86,6
0246.4900,09.86,6
0246.6539,09.86,6
0246.8178,09.86,6
0246.9817,09.86,6
0247.1456,09.86,6
0247.3095,09.86,6
0247.4734,09.86,6
0247.6373,09.86,6
0247.8011,09.86,6
0247.9650,09.87,6
0248.1289,09.87,6
0248.2928,09.87,6
0248.4567,09.87,6
0248.6206,09.87,6
0248.7845,09.88,6
0248.9484,09.88,6
0249.1123,09.88,6
0249.2762,09.88,6
0249.4400,09.88,6
0249.6039,09.88,6
0249.7678,09.88,6
0249.9317,09.88,6
0250.0956,09.89,6
0250.2595,09.89,6
0250.4234,09.89,6
0250.5873,09.90,6
0250.7512,09.91,6
0250.9151,09.91,6
0251.0789,09.91,6
0251.2428,09.91,6
0251.4067,09.91,6
0251.5706,09.91,6
0251.7345,09.91,6
0251.8984,09.91,6
0252.0623,09.91,6
0252.2262,09.91,6
0252.3901,09.91,6
0252.5539,09.92,6
0252.7178,09.92,6
0252.8817,09.93,6
0253.0456,09.93,6
0253.2095,09.93,6
0253.3734,09.93,6
0253.5373,09.93,6
0253.7012,09.93,6
0253.8651,09.93,6
0254.0290,09.93,6
0254.1928,09.93,6
0254.3567,09.93,6
0254.5206,09.93,6
0254.6845,09.94,6
0254.8484,09.94,6
0255.0123,09.94,6
0255.1762,09.95,6
0255.3401,09.95,6
0255.5040,09.95,6
0255.6679,09.95,6
0255.8317,09.94,6
0255.9956,09.94,6
0256.1595,09.94,6
0256.3234,09.94,6
0256.4873,09.94,6
0256.6512,09.95,6
0256.8151,09.95,6
0256.9790,09.96,6
0257.1429,09.96,6
0257.3067,09.96,6
0257.4706,09.96,6
0257.6345,09.96,6
0257.7984,09.96,6
0257.9623,09.96,6
0258.1262,09.95,6
0258.2901,09.95,6
0258.4540,09.95,6
0258.6179,09.95,6
0258.7818,09.96,6
0258.9456,09.96,6
0259.1095,09.96,6
0259.2734,09.96,6
0259.4373,09.97,6
0259.6012,09.97,6
0259.7651,09.96,6
0259.9290,09.96,6
0260.0929,09.96,6
0260.2568,09.96,6
0260.4207,09.96,6
0260.5845,09.96,6
0260.7484,09.97,6
0260.9123,09.97,6
0261.0762,09.98,6
0261.2401,09.98,6
0261.4040,09.98,6
0261.5679,09.99,6
0261.7318,09.99,6
0261.8957,09.98,6
0262.0595,09.99,6
0262.2234,09.99,6
0262.3873,09.99,6
0262.5512,09.99,6
0262.7151,09.99,6
0262.8790,10.00,6
0263.0429,10.00,6
0263.2068,10.00,6
0263.3707,10.01,6
0263.5346,10.01,6
0263.6984,10.02,6
0263.8623,10.02,6
0264.0262,10.02,6
0264.1901,10.02,6
0264.3540,10.02,6
0264.5179,10.02,6
0264.6818,10.03,6
0264.8457,10.03,6
0265.0096,10.03,6
0265.1734,10.04,6
0265.3373,10.05,6
0265.5012,10.05,6
0265.6651,10.05,6
0265.8290,10.06,6
0265.9929,10.06,6
0266.1568,10.06,6
0266.3207,10.07,6
0266.4846,10.07,6
0266.6485,10.08,6
0266.8123,10.08,6
0266.9762,10.08,6
0267.1401,10.09,6
0267.3040,10.10,6
0267.4679,10.11,6
0267.6318,10.11,6
0267.7957,10.12,6
0267.9596,10.13,6
0268.1235,10.13,6
0268.2874,10.14,6
0268.4512,10.14,6
0268.6151,10.15,6
0268.7790,10.16,6
0268.9429,10.16,6
0269.1068,10.17,6
0269.2707,10.18,6
0269.4346,10.18,6
0269.5985,10.20,6
0269.7624,10.20,6
0269.9262,10.20,6
0270.0901,10.22,6
0270.2540,10.22,6
0270.4179,10.23,6
0270.5818,10.24,6
0270.7457,10.24,6
0270.9096,10.26,6
0271.0735,10.26,6
0271.2374,10.27,6
0271.4013,10.28,6
0271.5651,10.28,6
0271.7290,10.29,6
0271.8929,10.30,6
0272.0568,10.31,6
0272.2207,10.31,6
0272.3846,10.32,6
0272.5485,10.33,6
0272.7124,10.34,6
0272.8763,10.35,6
0273.0402,10.36,6
0273.2040,10.37,6
0273.3679,10.38,6
0273.5318,10.39,6
0273.6957,10.40,6
0273.8596,10.41,6
0274.0235,10.41,6
0274.1874,10.42,6
0274.3513,10.43,6
0274.5152,10.44,6
0274.6790,10.44,6
0274.8429,10.45,6
0275.0068,10.46,6
0275.1707,10.46,6
0275.3346,10.47,6
0275.4985,10.47,6
0275.6624,10.48,6
0275.8263,10.48,6
0275.9902,10.49,6
0276.1541,10.49,6
0276.3179,10.49,6
0276.4818,10.50,6
0276.6457,10.50,6
0276.8096,10.51,6
0276.9735,10.51,6
0277.1374,10.52,6
0277.3013,10.52,6
0277.4652,10.52,6
0277.6291,10.53,6
0277.7930,10.53,6
0277.9568,10.53,6
0278.1207,10.52,6
0278.2846,10.53,6
0278.4485,10.53,6
0278.6124,10.53,6
0278.7763,10.53,6
0278.9402,10.53,6
0279.1041,10.53,6
0279.2680,10.54,6
0279.4318,10.54,6
0279.5957,10.54,6
0279.7596,10.53,6
0279.9235,10.53,6
0280.0874,10.53,6
0280.2513,10.53,6
0280.4152,10.53,6
0280.5791,10.53,6
0280.7430,10.53,6
0280.9069,10.53,6
0281.0707,10.53,6
0281.2346,10.53,6
0281.3985,10.53,6
0281.5624,10.52,6
0281.7263,10.52,6
0281.8902,10.51,6
0282.0541,10.51,6
0282.2180,10.51,6
0282.3819,10.51,6
0282.5458,10.50,6
0282.7096,10.50,6
0282.8735,10.50,6
0283.0374,10.50,6
0283.2013,10.50,6
0283.3652,10.49,6
0283.5291,10.49,6
0283.6930,10.49,6
0283.8569,10.48,6
0284.0208,10.48,6
0284.1846,10.48,6
0284.3485,10.48,6
0284.5124,10.47,6
0284.6763,10.47,6
0284.8402,10.47,6
0285.0041,10.47,6
0285.1680,10.47,6
0285.3319,10.46,6
0285.4958,10.46,6
0285.6597,10.45,6
0285.8235,10.45,6
0285.9874,10.45,6
0286.1513,10.45,6
0286.3152,10.44,6
0286.4791,10.44,6
0286.6430,10.44,6
0286.8069,10.44,6
0286.9708,10.43,6
0287.1347,10.43,6
0287.2986,10.43,6
0287.4624,10.42,6
0287.6263,10.42,6
0287.7902,10.42,6
0287.9541,10.41,6
0288.1180,10.41,6
0288.2819,10.41,6
0288.4458,10.41,6
0288.6097,10.40,6
0288.7736,10.40,6
0288.9374,10.40,6
0289.1013,10.39,6
0289.2652,10.39,6
0289.4291,10.39,6
0289.5930,10.38,6
0289.7569,10.38,6
0289.9208,10.37,6
0290.0847,10.37,6
0290.2486,10.37,6
0290.4125,10.37,6
0290.5763,10.37,6
0290.7402,10.36,6
0290.9041,10.36,6
0291.0680,10.36,6
0291.2319,10.36,6
0291.3958,10.35,6
0291.5597,10.35,6
0291.7236,10.35,6
0291.8875,10.34,6
0292.0514,10.34,6
0292.2152,10.33,6
0292.3791,10.33,6
0292.5430,10.33,6
0292.7069,10.32,6
0292.8708,10.32,6
0293.0347,10.31,6
0293.1986,10.31,6
0293.3625,10.31,6
0293.5264,10.30,6
0293.6902,10.30,6
0293.8541,10.30,6
0294.0180,10.30,6
0294.1819,10.30,6
0294.3458,10.29,6
0294.5097,10.29,6
0294.6736,10.28,6
0294.8375,10.28,6
0295.0014,10.28,6
0295.1653,10.27,6
0295.3291,10.27,6
0295.4930,10.27,6
0295.6569,10.26,6
0295.8208,10.26,6
0295.9847,10.26,6
0296.1486,10.26,6
0296.3125,10.25,6
0296.4764,10.25,6
0296.6403,10.24,6
0296.8042,10.24,6
0296.9680,10.24,6
0297.1319,10.24,6
0297.2958,10.23,6
0297.4597,10.23,6
0297.6236,10.23,6
0297.7875,10.23,6
0297.9514,10.23,6
0298.1153,10.23,6
0298.2792,10.23,6
0298.4430,10.22,6
0298.6069,10.22,6
0298.7708,10.21,6
0298.9347,10.21,6
0299.0986,10.21,6
0299.2625,10.20,6
0299.4264,10.20,6
0299.5903,10.20,6
0299.7542,10.20,6
0299.9181,10.20,6
0300.0819,10.19,6
0300.2458,10.19,6
0300.4097,10.19,6
0300.5736,10.18,6
0300.7375,10.18,6
0300.9014,10.17,6
0301.0653,10.17,6
0301.2292,10.17,6
0301.3931,10.17,6
0301.5570,10.17,6
0301.7208,10.16,6
0301.8847,10.16,6
0302.0486,10.16,6
0302.2125,10.15,6
0302.3764,10.15,6
0302.5403,10.14,6
0302.7042,10.14,6
0302.8681,10.13,6
0303.0320,10.13,6
0303.1958,10.13,6
0303.3597,10.13,6
0303.5236,10.12,6
0303.6875,10.12,6
0303.8514,10.12,6
0304.0153,10.11,6
0304.1792,10.11,6
0304.3431,10.10,6
0304.5070,10.09,6
0304.6709,10.09,6
0304.8347,10.08,6
0304.9986,10.07,6
0305.1625,10.07,6
0305.3264,10.07,6
0305.4903,10.06,6
0305.6542,10.06,6
0305.8181,10.06,6
0305.9820,10.05,6
0306.1459,10.05,6
0306.3098,10.04,6
0306.4736,10.03,6
0306.6375,10.02,6
0306.8014,10.02,6
0306.9653,10.01,6
0307.1292,10.01,6
0307.2931,10.00,6
0307.4570,10.00,6
0307.6209,10.00,6
0307.7848,09.99,6
0307.9486,09.98,6
0308.1125,09.98,6
0308.2764,09.97,6
0308.4403,09.97,6
0308.6042,09.96,6
0308.7681,09.96,6
0308.9320,09.95,6
0309.0959,09.95,6
0309.2598,09.94,6
0309.4237,09.94,6
0309.5875,09.93,6
0309.7514,09.93,6
0309.9153,09.92,6
0310.0792,09.91,6
0310.2431,09.91,6
0310.4070,09.90,6
0310.5709,09.90,6
0310.7348,09.89,6
0310.8987,09.89,6
0311.0626,09.88,6
0311.2264,09.88,6
0311.3903,09.87,6
0311.5542,09.87,6
0311.7181,09.87,6
0311.8820,09.86,6
0312.0459,09.86,6
0312.2098,09.85,6
0312.3737,09.85,6
0312.5376,09.84,6
0312.7014,09.84,6
0312.8653,09.83,6
0313.0292,09.83,6
0313.1931,09.82,6
0313.3570,09.82,6
0313.5209,09.81,6
0313.6848,09.81,6
0313.8487,09.81,6
0314.0126,09.80,6
0314.1765,09.80,6
0314.3403,09.80,6
0314.5042,09.80,6
0314.6681,09.79,6
0314.8320,09.79,6
0314.9959,09.79,6
0315.1598,09.78,6
0315.3237,09.77,6
0315.4876,09.77,6
0315.6515,09.77,6
0315.8154,09.76,6
0315.9792,09.76,6
0316.1431,09.76,6
0316.3070,09.75,6
0316.4709,09.75,6
0316.6348,09.75,6
0316.7987,09.74,6
0316.9626,09.74,6
0317.1265,09.73,6
0317.2904,09.73,6
0317.4542,09.73,6
0317.6181,09.72,6
0317.7820,09.72,6
0317.9459,09.72,6
0318.1098,09.71,6
0318.2737,09.71,6
0318.4376,09.71,6
0318.6015,09.71,6
0318.7654,09.71,6
0318.9293,09.70,6
0319.0931,09.70,6
0319.2570,09.70,6
0319.4209,09.69,6
0319.5848,09.69,6
0319.7487,09.69,6
0319.9126,09.68,6
0320.0765,09.68,6
0320.2404,09.68,6
0320.4043,09.68,6
0320.5682,09.68,6
0320.7320,09.67,6
0320.8959,09.67,6
0321.0598,09.67,6
0321.2237,09.66,6
0321.3876,09.66,6
0321.5515,09.66,6
0321.7154,09.66,6
0321.8793,09.65,6
0322.0432,09.65,6
0322.2070,09.65,6
0322.3709,09.64,6
0322.5348,09.64,6
0322.6987,09.64,6
0322.8626,09.63,6
0323.0265,09.63,6
0323.1904,09.63,6
0323.3543,09.62,6
0323.5182,09.62,6
0323.6821,09.61,6
0323.8459,09.61,6
0324.0098,09.60,6
0324.1737,09.60,6
0324.3376,09.60,6
0324.5015,09.60,6
0324.6654,09.59,6
0324.8293,09.59,6
0324.9932,09.59,6
0325.1571,09.58,6
0325.3210,09.58,6
0325.4848,09.57,6
0325.6487,09.57,6
0325.8126,09.57,6
0325.9765,09.56,6
0326.1404,09.56,6
0326.3043,09.56,6
0326.4682,09.55,6
0326.6321,09.55,6
0326.7960,09.55,6
0326.9598,09.54,6
0327.1237,09.54,6
0327.2876,09.54,6
0327.4515,09.53,6
0327.6154,09.53,6
0327.7793,09.52,6
0327.9432,09.52,6
0328.1071,09.52,6
0328.2710,09.51,6
0328.4349,09.51,6
0328.5987,09.51,6
0328.7626,09.50,6
0328.9265,09.50,6
0329.0904,09.50,6
0329.2543,09.49,6
0329.4182,09.49,6
0329.5821,09.48,6
0329.7460,09.48,6
0329.9099,09.48,6
0330.0738,09.48,6
0330.2376,09.47,6
0330.4015,09.47,6
0330.5654,09.47,6
0330.7293,09.47,6
0330.8932,09.46,6
0331.0571,09.46,6
0331.2210,09.46,6
0331.3849,09.46,6
0331.5488,09.46,6
0331.7126,09.46,6
0331.8765,09.45,6
0332.0404,09.45,6
0332.2043,09.45,6
0332.3682,09.45,6
0332.5321,09.45,6
0332.6960,09.45,6
0332.8599,09.45,6
0333.0238,09.45,6
0333.1877,09.45,6
0333.3515,09.44,6
0333.5154,09.45,6
0333.6793,09.45,6
0333.8432,09.45,6
0334.0071,09.45,6
0334.1710,09.45,6
0334.3349,09.45,6
0334.4988,09.45,6
0334.6627,09.46,6
0334.8266,09.46,6
0334.9904,09.46,6
0335.1543,09.46,6
0335.3182,09.46,6
0335.4821,09.46,6
0335.6460,09.46,6
0335.8099,09.46,6
0335.9738,09.46,6
0336.1377,09.46,6
0336.3016,09.46,6
0336.4654,09.46,6
0336.6293,09.47,6
0336.7932,09.47,6
0336.9571,09.47,1
0337.1210,09.48,1
0337.2849,09.48,1
0337.4488,09.48,1
0337.6127,09.48,1
0337.7766,09.49,1
0337.9405,09.49,1
0338.1043,09.49,1
0338.2682,09.50,1
0338.4321,09.50,1
0338.5960,09.51,1
0338.7599,09.51,1
0338.9238,09.52,1
0339.0877,09.53,1
0339.2516,09.53,1
0339.4155,09.54,1
0339.5793,09.54,1
0339.7432,09.54,1
0339.9071,09.55,1
0340.0710,09.55,1
0340.2349,09.56,1
0340.3988,09.57,1
0340.5627,09.58,1
0340.7266,09.58,1
0340.8905,09.59,1
0341.0544,09.61,1
0341.2182,09.61,1
0341.3821,09.62,1
0341.5460,09.63,1
0341.7099,09.64,1
0341.8738,09.64,1
0342.0377,09.64,1
0342.2016,09.65,1
0342.3655,09.66,1
0342.5294,09.67,1
0342.6933,09.68,1
0342.8571,09.69,1
0343.0210,09.69,1
0343.1849,09.71,1
0343.3488,09.72,1
0343.5127,09.73,1
0343.6766,09.74,1
0343.8405,09.75,1
0344.0044,09.75,1
0344.1683,09.76,1
0344.3321,09.77,1
0344.4960,09.77,1
0344.6599,09.78,1
0344.8238,09.80,1
0344.9877,09.80,1
0345.1516,09.82,1
0345.3155,09.83,1
0345.4794,09.84,1
0345.6433,09.85,1
0345.8072,09.85,1
0345.9710,09.86,1
0346.1349,09.87,1
0346.2988,09.87,1
0346.4627,09.88,1
0346.6266,09.89,1
0346.7905,09.90,1
0346.9544,09.91,1
0347.1183,09.92,1
0347.2822,09.93,1
0347.4461,09.93,1
0347.6099,09.95,1
0347.7738,09.95,1
0347.9377,09.96,1
0348.1016,09.96,1
0348.2655,09.96,1
0348.4294,09.98,1
0348.5933,09.98,1
0348.7572,09.99,1
0348.9211,10.00,1
0349.0849,10.01,1
0349.2488,10.01,1
0349.4127,10.02,1
0349.5766,10.03,1
0349.7405,10.03,1
0349.9044,10.04,1
0350.0683,10.04,1
0350.2322,10.05,1
0350.3961,10.06,1
0350.5600,10.06,1
0350.7238,10.07,3
0350.8877,10.08,3
0351.0516,10.08,3
0351.2155,10.09,3
0351.3794,10.10,3
0351.5433,10.11,3
0351.7072,10.11,3
0351.8711,10.12,3
0352.0350,10.12,3
0352.1989,10.12,3
0352.3627,10.13,3
0352.5266,10.14,3
0352.6905,10.15,3
0352.8544,10.15,3
0353.0183,10.16,3
0353.1822,10.16,3
0353.3461,10.17,3
0353.5100,10.18,3
0353.6739,10.18,3
0353.8377,10.19,3
0354.0016,10.19,3
0354.1655,10.20,3
0354.3294,10.20,3
0354.4933,10.21,3
0354.6572,10.21,3
0354.8211,10.22,3
0354.9850,10.23,3
0355.1489,10.24,3
0355.3128,10.24,3
0355.4766,10.25,3
0355.6405,10.25,3
0355.8044,10.25,3
0355.9683,10.26,3
0356.1322,10.26,3
0356.2961,10.27,3
0356.4600,10.27,3
0356.6239,10.27,3
0356.7878,10.28,3
0356.9517,10.29,3
0357.1155,10.30,3
0357.2794,10.30,3
0357.4433,10.31,3
0357.6072,10.31,3
0357.7711,10.31,3
0357.9350,10.31,3
0358.0989,10.31,3
0358.2628,10.32,3
0358.4267,10.32,3
0358.5905,10.32,3
0358.7544,10.33,3
0358.9183,10.34,3
0359.0822,10.34,3
0359.2461,10.35,3
0359.4100,10.35,3
0359.5739,10.35,3
0359.7378,10.35,3
0359.9017,10.35,3
0360.0656,10.35,3
0360.2294,10.35,3
0360.3933,10.35,3
0360.5572,10.36,3
0360.7211,10.36,3
0360.8850,10.37,3
0361.0489,10.37,3
0361.2128,10.38,3
0361.3767,10.38,3
0361.5406,10.38,3
0361.7045,10.38,3
0361.8683,10.38,3
0362.0322,10.38,3
0362.1961,10.38,3
0362.3600,10.38,3
0362.5239,10.39,3
0362.6878,10.39,3
0362.8517,10.39,3
0363.0156,10.40,3
0363.1795,10.40,3
0363.3433,10.41,3
0363.5072,10.41,3
0363.6711,10.40,3
0363.8350,10.40,3
0363.9989,10.40,3
0364.1628,10.40,3
0364.3267,10.41,3
0364.4906,10.41,3
0364.6545,10.41,3
0364.8184,10.41,3
0364.9822,10.42,3
0365.1461,10.42,3
0365.3100,10.42,3
0365.4739,10.42,3
0365.6378,10.41,3
0365.8017,10.41,3
0365.9656,10.41,3
0366.1295,10.41,3
0366.2934,10.41,3
0366.4573,10.41,3
0366.6211,10.41,3
0366.7850,10.41,3
0366.9489,10.42,3
0367.1128,10.41,3
0367.2767,10.41,3
0367.4406,10.41,3
0367.6045,10.40,3
0367.7684,10.40,3
0367.9323,10.40,3
0368.0961,10.40,3
0368.2600,10.40,3
0368.4239,10.40,3
0368.5878,10.40,3
0368.7517,10.40,3
0368.9156,10.40,3
0369.0795,10.39,3
0369.2434,10.39,3
0369.4073,10.38,3
0369.5712,10.38,3
0369.7350,10.37,3
0369.8989,10.37,3
0370.0628,10.37,3
0370.2267,10.37,3
0370.3906,10.36,3
0370.5545,10.36,3
0370.7184,10.36,3
0370.8823,10.35,3
0371.0462,10.35,3
0371.2101,10.34,3
0371.3739,10.34,3
0371.5378,10.33,3
0371.7017,10.32,3
0371.8656,10.32,3
0372.0295,10.31,3
0372.1934,10.31,3
0372.3573,10.31,3
0372.5212,10.31,3
0372.6851,10.30,3
0372.8489,10.30,3
0373.0128,10.29,3
0373.1767,10.29,3
0373.3406,10.28,3
0373.5045,10.28,3
0373.6684,10.27,3
0373.8323,10.26,3
0373.9962,10.26,3
0374.1601,10.25,3
0374.3240,10.25,3
0374.4878,10.24,3
0374.6517,10.24,3
0374.8156,10.24,3
0374.9795,10.23,3
0375.1434,10.23,3
0375.3073,10.22,3
0375.4712,10.21,3
0375.6351,10.21,3
0375.7990,10.20,3
0375.9629,10.20,3
0376.1267,10.19,3
0376.2906,10.19,3
0376.4545,10.18,3
0376.6184,10.18,3
0376.7823,10.17,3
0376.9462,10.17,3
0377.1101,10.16,3
0377.2740,10.15,3
0377.4379,10.15,3
0377.6017,10.14,3
0377.7656,10.14,3
0377.9295,10.14,3
0378.0934,10.13,3
0378.2573,10.13,3
0378.4212,10.12,3
0378.5851,10.12,3
0378.7490,10.12,3
0378.9129,10.11,3
0379.0768,10.10,3
0379.2406,10.10,3
0379.4045,10.09,3
0379.5684,10.08,3
0379.7323,10.08,3
0379.8962,10.07,3
0380.0601,10.07,3
0380.2240,10.06,3
0380.3879,10.06,3
0380.5518,10.06,3
0380.7157,10.05,3
0380.8795,10.05,3
0381.0434,10.04,3
0381.2073,10.03,3
0381.3712,10.03,3
0381.5351,10.03,3
0381.6990,10.02,3
0381.8629,10.02,3
0382.0268,10.02,3
0382.1907,10.01,3
0382.3545,10.01,3
0382.5184,10.00,3
0382.6823,10.00,3
0382.8462,09.99,3
0383.0101,09.98,3
0383.1740,09.98,3
0383.3379,09.98,3
0383.5018,09.97,3
0383.6657,09.97,3
0383.8296,09.96,3
0383.9934,09.96,3
0384.1573,09.96,3
0384.3212,09.96,3
0384.4851,09.96,3
0384.6490,09.96,3
0384.8129,09.95,3
0384.9768,09.95,3
0385.1407,09.94,3
0385.3046,09.94,3
0385.4685,09.94,3
0385.6323,09.94,3
0385.7962,09.94,3
0385.9601,09.94,3
0386.1240,09.93,3
0386.2879,09.93,3
0386.4518,09.93,3
0386.6157,09.93,3
0386.7796,09.93,3
0386.9435,09.93,3
0387.1073,09.93,3
0387.2712,09.92,3
0387.4351,09.92,3
0387.5990,09.92,3
0387.7629,09.92,3
0387.9268,09.93,3
0388.0907,09.93,3
0388.2546,09.92,3
0388.4185,09.92,3
0388.5824,09.92,3
0388.7462,09.92,3
0388.9101,09.92,3
0389.0740,09.91,3
0389.2379,09.91,3
0389.4018,09.91,3
0389.5657,09.91,3
0389.7296,09.91,3
0389.8935,09.91,3
0390.0574,09.90,3
0390.2213,09.90,3
0390.3851,09.91,3
0390.5490,09.90,3
0390.7129,09.90,3
0390.8768,09.90,3
0391.0407,09.90,3
0391.2046,09.89,3
0391.3685,09.89,3
0391.5324,09.89,3
0391.6963,09.89,3
0391.8601,09.89,3
0392.0240,09.89,3
0392.1879,09.88,3
0392.3518,09.89,3
0392.5157,09.88,3
0392.6796,09.88,3
0392.8435,09.88,3
0393.0074,09.87,3
0393.1713,09.87,3
0393.3352,09.87,3
0393.4990,09.87,3
0393.6629,09.86,3
0393.8268,09.86,3
0393.9907,09.86,3
0394.1546,09.86,3
0394.3185,09.86,3
0394.4824,09.86,3
0394.6463,09.85,3
0394.8102,09.85,3
0394.9741,09.84,3
0395.1379,09.84,3
0395.3018,09.84,3
0395.4657,09.84,3
0395.6296,09.83,3
0395.7935,09.83,3
0395.9574,09.82,3
0396.1213,09.82,3
0396.2852,09.81,3
0396.4491,09.81,3
0396.6129,09.81,3
0396.7768,09.80,3
0396.9407,09.80,3
0397.1046,09.80,3
0397.2685,09.79,3
0397.4324,09.79,3
0397.5963,09.78,3
0397.7602,09.78,3
0397.9241,09.77,3
0398.0880,09.77,3
0398.2518,09.77,3
0398.4157,09.76,3
0398.5796,09.76,3
0398.7435,09.76,3
0398.9074,09.75,3
0399.0713,09.75,3
0399.2352,09.75,3
0399.3991,09.74,3
0399.5630,09.74,3
0399.7269,09.73,3
0399.8907,09.73,3
0400.0546,09.72,3
0400.2185,09.72,3
0400.3824,09.71,3
0400.5463,09.71,3
0400.7102,09.70,3
0400.8741,09.70,3
0401.0380,09.69,3
0401.2019,09.69,3
0401.3657,09.68,3
0401.5296,09.68,3
0401.6935,09.67,3
0401.8574,09.66,3
0402.0213,09.66,3
0402.1852,09.65,3
0402.3491,09.65,3
0402.5130,09.64,3
0402.6769,09.64,3
0402.8408,09.63,3
0403.0046,09.63,3
0403.1685,09.62,3
0403.3324,09.62,3
0403.4963,09.61,3
0403.6602,09.61,3
0403.8241,09.60,3
0403.9880,09.59,3
0404.1519,09.59,3
0404.3158,09.59,3
0404.4797,09.58,3
0404.6435,09.57,3
0404.8074,09.57,3
0404.9713,09.56,3
0405.1352,09.56,3
0405.2991,09.55,3
0405.4630,09.55,3
0405.6269,09.54,3
0405.7908,09.54,3
0405.9547,09.53,3
0406.1185,09.52,3
0406.2824,09.51,3
0406.4463,09.50,3
0406.6102,09.50,3
0406.7741,09.49,3
0406.9380,09.49,3
0407.1019,09.48,3
0407.2658,09.48,3
0407.4297,09.48,3
0407.5936,09.47,3
0407.7574,09.46,3
0407.9213,09.46,3
0408.0852,09.45,3
0408.2491,09.45,3
0408.4130,09.44,3
0408.5769,09.43,3
0408.7408,09.43,3
0408.9047,09.42,3
0409.0686,09.42,3
0409.2325,09.41,3
0409.3963,09.41,3
0409.5602,09.40,3
0409.7241,09.40,3
0409.8880,09.39,3
0410.0519,09.39,3
0410.2158,09.38,3
0410.3797,09.38,3
0410.5436,09.37,3
0410.7075,09.37,3
0410.8713,09.37,3
0411.0352,09.36,3
0411.1991,09.36,3
0411.3630,09.36,3
0411.5269,09.35,3
0411.6908,09.35,3
0411.8547,09.35,3
0412.0186,09.34,3
0412.1825,09.34,3
0412.3464,09.33,3
0412.5102,09.33,3
0412.6741,09.33,3
0412.8380,09.33,3
0413.0019,09.32,3
0413.1658,09.32,3
0413.3297,09.32,3
0413.4936,09.32,3
0413.6575,09.31,3
0413.8214,09.31,3
0413.9852,09.31,3
0414.1491,09.30,3
0414.3130,09.30,3
0414.4769,09.30,3
0414.6408,09.29,3
0414.8047,09.29,3
0414.9686,09.29,3
0415.1325,09.29,3
0415.2964,09.29,3
0415.4603,09.29,3
0415.6241,09.29,3
0415.7880,09.28,3
0415.9519,09.28,3
0416.1158,09.28,3
0416.2797,09.27,3
0416.4436,09.27,3
0416.6075,09.27,3
0416.7714,09.26,3
0416.9353,09.26,3
0417.0992,09.26,3
0417.2630,09.26,3
0417.4269,09.25,3
0417.5908,09.25,3
0417.7547,09.25,3
0417.9186,09.25,3
0418.0825,09.25,3
0418.2464,09.25,3
0418.4103,09.24,3
0418.5742,09.24,3
0418.7380,09.24,3
0418.9019,09.23,3
0419.0658,09.23,3
0419.2297,09.23,3
0419.3936,09.23,3
0419.5575,09.23,3
0419.7214,09.23,3
0419.8853,09.23,3
0420.0492,09.22,3
0420.2131,09.22,3
0420.3769,09.22,3
0420.5408,09.21,3
0420.7047,09.21,3
0420.8686,09.21,3
0421.0325,09.21,3
0421.1964,09.20,3
0421.3603,09.20,3
0421.5242,09.20,3
0421.6881,09.20,3
0421.8520,09.20,3
0422.0158,09.20,3
0422.1797,09.20,3
0422.3436,09.20,3
0422.5075,09.19,3
0422.6714,09.19,3
0422.8353,09.19,3
0422.9992,09.18,3
0423.1631,09.18,3
0423.3270,09.17,3
0423.4908,09.17,3
0423.6547,09.17,3
0423.8186,09.17,3
0423.9825,09.17,3
0424.1464,09.17,3
0424.3103,09.17,3
0424.4742,09.17,3
0424.6381,09.16,3
0424.8020,09.16,3
0424.9659,09.16,3
0425.1297,09.15,3
0425.2936,09.15,3
0425.4575,09.15,3
0425.6214,09.15,3
0425.7853,09.15,3
0425.9492,09.15,3
0426.1131,09.15,3
0426.2770,09.14,3
0426.4409,09.14,3
0426.6048,09.14,3
0426.7686,09.14,3
0426.9325,09.13,3
0427.0964,09.13,3
0427.2603,09.13,3
0427.4242,09.12,3
0427.5881,09.12,3
0427.7520,09.12,3
0427.9159,09.12,3
0428.0798,09.12,3
0428.2436,09.12,3
0428.4075,09.12,3
0428.5714,09.12,3
0428.7353,09.12,3
0428.8992,09.12,3
0429.0631,09.11,3
0429.2270,09.11,3
0429.3909,09.11,3
0429.5548,09.11,3
0429.7187,09.11,3
0429.8825,09.11,3
0430.0464,09.11,3
0430.2103,09.11,3
0430.3742,09.11,3
0430.5381,09.11,3
0430.7020,09.11,3
0430.8659,09.11,3
0431.0298,09.11,3
0431.1937,09.11,3
0431.3576,09.11,3
0431.5214,09.10,1
0431.6853,09.10,1
0431.8492,09.10,1
0432.0131,09.10,1
0432.1770,09.11,1
0432.3409,09.11,1
0432.5048,09.11,1
0432.6687,09.11,1
0432.8326,09.11,1
0432.9964,09.11,1
0433.1603,09.11,1
0433.3242,09.11,1
0433.4881,09.10,1
0433.6520,09.10,1
0433.8159,09.10,1
0433.9798,09.10,1
0434.1437,09.10,1
0434.3076,09.10,1
0434.4715,09.10,1
0434.6353,09.11,1
0434.7992,09.11,1
0434.9631,09.11,1
0435.1270,09.11,1
0435.2909,09.11,1
0435.4548,09.11,1
0435.6187,09.11,1
0435.7826,09.11,1
0435.9465,09.11,1
0436.1104,09.10,1
0436.2742,09.10,1
0436.4381,09.10,1
0436.6020,09.11,1
0436.7659,09.11,1
0436.9298,09.11,1
0437.0937,09.11,1
0437.2576,09.11,1
0437.4215,09.11,1
0437.5854,09.11,1
0437.7492,09.11,1
0437.9131,09.11,1
0438.0770,09.11,1
0438.2409,09.11,1
0438.4048,09.11,1
0438.5687,09.11,1
0438.7326,09.11,1
0438.8965,09.12,1
0439.0604,09.12,1
0439.2243,09.12,1
0439.3881,09.12,1
0439.5520,09.12,1
0439.7159,09.12,1
0439.8798,09.12,1
0440.0437,09.12,1
0440.2076,09.12,1
0440.3715,09.12,1
0440.5354,09.12,1
0440.6993,09.12,1
0440.8632,09.12,1
0441.0270,09.12,1
0441.1909,09.12,1
0441.3548,09.12,1
0441.5187,09.12,1
0441.6826,09.12,1
0441.8465,09.12,1
0442.0104,09.13,1
0442.1743,09.13,1
0442.3382,09.13,1
0442.5020,09.13,1
0442.6659,09.13,1
0442.8298,09.13,1
0442.9937,09.13,1
0443.1576,09.13,1
0443.3215,09.13,1
0443.4854,09.13,1
0443.6493,09.13,1
0443.8132,09.13,1
0443.9771,09.13,1
0444.1409,09.13,1
0444.3048,09.13,1
0444.4687,09.13,1
0444.6326,09.13,1
0444.7965,09.14,1
0444.9604,09.14,1
0445.1243,09.14,1
0445.2882,09.14,1
0445.4521,09.14,1
0445.6160,09.14,1
0445.7798,09.14,1
0445.9437,09.14,1
0446.1076,09.14,1
0446.2715,09.14,1
0446.4354,09.14,1
0446.5993,09.14,1
0446.7632,09.14,1
0446.9271,09.13,1
0447.0910,09.13,1
0447.2548,09.13,1
0447.4187,09.13,1
0447.5826,09.13,1
0447.7465,09.13,1
0447.9104,09.13,1
0448.0743,09.13,1
0448.2382,09.13,1
0448.4021,09.13,1
0448.5660,09.13,1
0448.7299,09.12,1
0448.8937,09.12,1
0449.0576,09.12,1
0449.2215,09.12,1
0449.3854,09.12,1
0449.5493,09.12,1
0449.7132,09.11,1
0449.8771,09.11,1
0450.0410,09.11,1
0450.2049,09.11,1
0450.3688,09.11,1
0450.5326,09.10,1
0450.6965,09.10,1
0450.8604,09.10,1
0451.0243,09.10,1
0451.1882,09.10,1
0451.3521,09.10,1
0451.5160,09.10,1
0451.6799,09.09,1
0451.8438,09.09,1
0452.0076,09.09,1
0452.1715,09.09,1
0452.3354,09.09,1
0452.4993,09.09,1
0452.6632,09.08,1
0452.8271,09.08,1
0452.9910,09.08,1
0453.1549,09.08,1
0453.3188,09.08,1
0453.4827,09.07,1
0453.6465,09.07,1
0453.8104,09.07,1
0453.9743,09.07,1
0454.1382,09.07,1
0454.3021,09.07,1
0454.4660,09.06,1
0454.6299,09.06,1
0454.7938,09.06,1
0454.9577,09.06,1
0455.1216,09.05,1
0455.2854,09.05,1
0455.4493,09.05,1
0455.6132,09.05,1
0455.7771,09.05,1
0455.9410,09.04,1
0456.1049,09.04,1
0456.2688,09.04,1
0456.4327,09.04,1
0456.5966,09.04,1
0456.7604,09.03,1
0456.9243,09.03,1
0457.0882,09.03,1
0457.2521,09.03,1
0457.4160,09.03,1
0457.5799,09.03,6
0457.7438,09.02,6
0457.9077,09.02,6
0458.0716,09.02,6
0458.2355,09.02,6
0458.3993,09.01,6
0458.5632,09.01,6
0458.7271,09.01,6
0458.8910,09.01,6
0459.0549,09.01,6
0459.2188,09.00,6
0459.3827,09.00,6
0459.5466,09.00,6
0459.7105,09.00,6
0459.8744,09.00,6
0460.0382,09.00,6
0460.2021,08.99,6
0460.3660,08.99,6
0460.5299,08.99,6
0460.6938,08.98,6
0460.8577,08.98,6
0461.0216,08.98,6
0461.1855,08.97,6
0461.3494,08.97,6
0461.5132,08.97,6
0461.6771,08.97,6
0461.8410,08.97,6
0462.0049,08.97,6
0462.1688,08.96,6
0462.3327,08.96,6
0462.4966,08.96,6
0462.6605,08.96,6
0462.8244,08.95,6
0462.9883,08.95,6
0463.1521,08.95,6
0463.3160,08.94,6
0463.4799,08.94,6
0463.6438,08.94,6
0463.8077,08.94,6
0463.9716,08.93,6
0464.1355,08.93,6
0464.2994,08.93,6
0464.4633,08.93,6
0464.6272,08.93,6
0464.7910,08.93,6
0464.9549,08.93,6
0465.1188,08.92,6
0465.2827,08.92,6
0465.4466,08.92,6
0465.6105,08.92,6
0465.7744,08.92,6
0465.9383,08.91,6
0466.1022,08.91,6
0466.2660,08.91,6
0466.4299,08.91,6
0466.5938,08.91,6
0466.7577,08.91,6
0466.9216,08.91,6
0467.0855,08.91,6
0467.2494,08.90,6
0467.4133,08.90,6
0467.5772,08.90,6
0467.7411,08.90,6
0467.9049,08.90,6
0468.0688,08.90,6
0468.2327,08.90,6
0468.3966,08.90,6
0468.5605,08.90,6
0468.7244,08.91,6
0468.8883,08.91,6
0469.0522,08.91,6
0469.2161,08.90,6
0469.3800,08.90,6
0469.5438,08.90,6
0469.7077,08.90,6
0469.8716,08.90,6
0470.0355,08.90,6
0470.1994,08.90,6
0470.3633,08.90,6
0470.5272,08.91,6
0470.6911,08.91,6
0470.8550,08.91,6
0471.0188,08.91,6
0471.1827,08.92,6
0471.3466,08.92,6
0471.5105,08.92,6
0471.6744,08.92,6
0471.8383,08.92,6
0472.0022,08.92,6
0472.1661,08.92,6
0472.3300,08.92,6
0472.4939,08.93,6
0472.6577,08.93,6
0472.8216,08.93,6
0472.9855,08.93,6
0473.1494,08.94,6
0473.3133,08.94,6
0473.4772,08.95,6
0473.6411,08.95,6
0473.8050,08.95,6
0473.9689,08.95,6
0474.1328,08.95,6
0474.2966,08.95,6
0474.4605,08.96,6
0474.6244,08.96,6
0474.7883,08.96,6
0474.9522,08.97,6
0475.1161,08.97,6
0475.2800,08.98,6
0475.4439,08.98,6
0475.6078,08.99,6
0475.7716,08.99,6
0475.9355,08.99,6
0476.0994,08.99,6
0476.2633,09.00,6
0476.4272,09.00,6
0476.5911,09.00,6
0476.7550,09.01,6
0476.9189,09.01,6
0477.0828,09.02,6
0477.2467,09.02,6
0477.4105,09.03,6
0477.5744,09.03,6
0477.7383,09.04,6
0477.9022,09.04,6
0478.0661,09.05,6
0478.2300,09.05,6
0478.3939,09.05,6
0478.5578,09.05,6
0478.7217,09.06,6
0478.8856,09.06,6
0479.0494,09.07,6
0479.2133,09.07,6
0479.3772,09.08,6
0479.5411,09.08,6
0479.7050,09.08,6
0479.8689,09.09,6
0480.0328,09.09,6
0480.1967,09.09,6
0480.3606,09.09,6
0480.5244,09.10,6
0480.6883,09.10,6
0480.8522,09.10,6
0481.0161,09.11,6
0481.1800,09.12,6
0481.3439,09.12,6
0481.5078,09.12,6
0481.6717,09.13,6
0481.8356,09.13,6
0481.9995,09.14,6
0482.1633,09.14,6
0482.3272,09.14,6
0482.4911,09.14,6
0482.6550,09.15,6
0482.8189,09.15,6
0482.9828,09.15,6
0483.1467,09.16,6
0483.3106,09.16,6
0483.4745,09.17,6
0483.6384,09.17,6
0483.8022,09.18,6
0483.9661,09.18,6
0484.1300,09.18,6
0484.2939,09.18,6
0484.4578,09.19,6
0484.6217,09.19,6
0484.7856,09.20,6
0484.9495,09.20,6
0485.1134,09.20,6
0485.2772,09.21,6
0485.4411,09.21,6
0485.6050,09.22,6
0485.7689,09.23,6
0485.9328,09.23,6
0486.0967,09.23,6
0486.2606,09.24,6
0486.4245,09.24,6
0486.5884,09.25,6
0486.7523,09.25,6
0486.9161,09.26,6
0487.0800,09.26,6
0487.2439,09.27,6
0487.4078,09.27,6
0487.5717,09.28,6
0487.7356,09.28,6
0487.8995,09.30,6
0488.0634,09.30,6
0488.2273,09.31,6
0488.3911,09.31,6
0488.5550,09.32,6
0488.7189,09.32,6
0488.8828,09.33,6
0489.0467,09.34,6
0489.2106,09.34,6
0489.3745,09.35,6
0489.5384,09.36,6
0489.7023,09.36,6
0489.8662,09.37,6
0490.0300,09.38,6
0490.1939,09.39,6
0490.3578,09.40,6
0490.5217,09.40,6
0490.6856,09.41,6
0490.8495,09.42,6
0491.0134,09.42,6
0491.1773,09.43,6
0491.3412,09.44,6
0491.5051,09.45,6
0491.6689,09.46,6
0491.8328,09.46,6
0491.9967,09.47,6
0492.1606,09.48,6
0492.3245,09.49,6
0492.4884,09.50,6
0492.6523,09.50,6
0492.8162,09.52,6
0492.9801,09.52,6
0493.1439,09.52,6
0493.3078,09.53,6
0493.4717,09.54,6
0493.6356,09.54,6
0493.7995,09.55,6
0493.9634,09.56,6
0494.1273,09.57,6
0494.2912,09.58,6
0494.4551,09.58,6
0494.6190,09.59,6
0494.7828,09.61,6
0494.9467,09.61,6
0495.1106,09.62,6
0495.2745,09.62,6
0495.4384,09.63,6
0495.6023,09.64,6
0495.7662,09.64,6
0495.9301,09.66,6
0496.0940,09.66,6
0496.2579,09.67,6
0496.4217,09.68,6
0496.5856,09.69,6
0496.7495,09.70,6
0496.9134,09.71,6
0497.0773,09.71,6
0497.2412,09.72,6
0497.4051,09.73,6
0497.5690,09.73,6
0497.7329,09.74,6
0497.8967,09.75,6
0498.0606,09.76,6
0498.2245,09.77,6
0498.3884,09.78,6
0498.5523,09.78,6
0498.7162,09.80,6
0498.8801,09.80,6
0499.0440,09.81,6
0499.2079,09.81,6
0499.3718,09.82,6
0499.5356,09.82,6
0499.6995,09.83,6
0499.8634,09.84,6
0500.0273,09.84,6
0500.1912,09.85,6
0500.3551,09.86,6
0500.5190,09.86,6
0500.6829,09.87,6
0500.8468,09.88,6
0501.0107,09.88,6
0501.1745,09.89,6
0501.3384,09.89,6
0501.5023,09.89,6
0501.6662,09.90,6
0501.8301,09.90,6
0501.9940,09.91,6
0502.1579,09.92,6
0502.3218,09.92,6
0502.4857,09.93,6
0502.6495,09.94,6
0502.8134,09.94,6
0502.9773,09.94,6
0503.1412,09.95,6
0503.3051,09.95,6
0503.4690,09.95,6
0503.6329,09.96,6
0503.7968,09.96,6
0503.9607,09.97,6
0504.1246,09.97,6
0504.2884,09.98,6
0504.4523,09.98,6
0504.6162,09.99,6
0504.7801,09.99,6
0504.9440,09.99,6
0505.1079,10.00,6
0505.2718,10.00,6
0505.4357,10.00,6
0505.5996,10.01,6
0505.7635,10.01,6
0505.9273,10.01,6
0506.0912,10.02,6
0506.2551,10.02,6
0506.4190,10.03,6
0506.5829,10.04,6
0506.7468,10.04,6
0506.9107,10.04,6
0507.0746,10.05,6
0507.2385,10.05,6
0507.4023,10.06,6
0507.5662,10.06,6
0507.7301,10.07,6
0507.8940,10.07,6
0508.0579,10.08,6
0508.2218,10.08,6
0508.3857,10.09,6
0508.5496,10.09,6
0508.7135,10.10,6
0508.8774,10.11,6
0509.0412,10.11,6
0509.2051,10.12,6
0509.3690,10.12,6
0509.5329,10.13,6
0509.6968,10.14,6
0509.8607,10.14,6
0510.0246,10.14,6
0510.1885,10.16,6
0510.3524,10.16,6
0510.5163,10.17,6
0510.6801,10.17,6
0510.8440,10.18,6
0511.0079,10.19,6
0511.1718,10.19,6
0511.3357,10.20,6
0511.4996,10.20,6
0511.6635,10.21,6
0511.8274,10.22,6
0511.9913,10.22,6
0512.1551,10.23,6
0512.3190,10.24,6
0512.4829,10.24,6
0512.6468,10.25,6
0512.8107,10.26,6
0512.9746,10.26,6
0513.1385,10.27,6
0513.3024,10.28,6
0513.4663,10.28,6
0513.6302,10.29,6
0513.7940,10.29,6
0513.9579,10.30,6
0514.1218,10.30,6
0514.2857,10.31,6
0514.4496,10.32,6
0514.6135,10.32,6
0514.7774,10.33,6
0514.9413,10.33,6
0515.1052,10.34,6
0515.2691,10.35,6
0515.4329,10.35,6
0515.5968,10.36,6
0515.7607,10.36,6
0515.9246,10.37,6
0516.0885,10.37,6
0516.2524,10.37,6
0516.4163,10.38,6
0516.5802,10.38,6
0516.7441,10.39,6
0516.9079,10.39,6
0517.0718,10.39,6
0517.2357,10.40,6
0517.3996,10.40,6
0517.5635,10.40,6
0517.7274,10.41,6
0517.8913,10.41,6
0518.0552,10.41,6
0518.2191,10.41,6
0518.3830,10.42,6
0518.5468,10.42,6
0518.7107,10.43,6
0518.8746,10.43,6
0519.0385,10.43,6
0519.2024,10.43,6
0519.3663,10.43,6
0519.5302,10.44,6
0519.6941,10.44,6
0519.8580,10.44,6
0520.0219,10.44,6
0520.1857,10.45,6
0520.3496,10.45,6
0520.5135,10.45,6
0520.6774,10.45,6
0520.8413,10.46,6
0521.0052,10.46,6
0521.1691,10.46,6
0521.3330,10.46,6
0521.4969,10.46,6
0521.6607,10.46,6
0521.8246,10.46,6
0521.9885,10.47,6
0522.1524,10.47,6
0522.3163,10.47,6
0522.4802,10.47,6
0522.6441,10.47,6
0522.8080,10.47,6
0522.9719,10.47,6
0523.1358,10.47,6
0523.2996,10.47,6
0523.4635,10.47,6
0523.6274,10.47,6
0523.7913,10.47,6
0523.9552,10.47,6
0524.1191,10.48,6
0524.2830,10.48,6
0524.4469,10.48,6
0524.6108,10.48,6
0524.7747,10.48,6
0524.9385,10.48,6
0525.1024,10.48,6
0525.2663,10.48,6
0525.4302,10.48,6
0525.5941,10.49,6
0525.7580,10.49,6
0525.9219,10.49,6
0526.0858,10.49,6
0526.2497,10.49,6
0526.4135,10.50,6
0526.5774,10.50,6
0526.7413,10.50,6
0526.9052,10.50,6
0527.0691,10.50,6
0527.2330,10.50,6
0527.3969,10.50,6
0527.5608,10.50,6
0527.7247,10.50,6
0527.8886,10.50,6
0528.0524,10.51,6
0528.2163,10.51,6
0528.3802,10.51,6
0528.5441,10.51,6
0528.7080,10.51,6
0528.8719,10.51,6
0529.0358,10.51,6
0529.1997,10.51,6
0529.3636,10.51,6
0529.5275,10.52,6
0529.6913,10.52,6
0529.8552,10.52,6
0530.0191,10.52,6
0530.1830,10.52,6
0530.3469,10.53,6
0530.5108,10.52,6
0530.6747,10.52,6
0530.8386,10.52,6
0531.0025,10.53,6
0531.1663,10.53,6
0531.3302,10.53,6
0531.4941,10.53,6
0531.6580,10.53,6
0531.8219,10.54,6
0531.9858,10.54,6
0532.1497,10.54,6
0532.3136,10.54,6
0532.4775,10.54,6
0532.6414,10.54,6
0532.8052,10.54,6
0532.9691,10.54,6
0533.1330,10.55,6
0533.2969,10.55,6
0533.4608,10.55,6
0533.6247,10.55,6
0533.7886,10.55,6
0533.9525,10.55,6
0534.1164,10.55,6
0534.2803,10.55,6
0534.4441,10.55,6
0534.6080,10.55,6
0534.7719,10.55,6
0534.9358,10.55,6
0535.0997,10.55,6
0535.2636,10.55,6
0535.4275,10.55,6
0535.5914,10.55,6
0535.7553,10.55,6
0535.9191,10.56,6
0536.0830,10.56,6
0536.2469,10.55,6
0536.4108,10.55,6
0536.5747,10.55,6
0536.7386,10.56,6
0536.9025,10.56,6
0537.0664,10.56,6
0537.2303,10.56,6
0537.3942,10.56,6
0537.5580,10.56,6
0537.7219,10.56,6
0537.8858,10.56,6
0538.0497,10.56,6
0538.2136,10.56,6
0538.3775,10.56,6
0538.5414,10.56,6
0538.7053,10.56,6
0538.8692,10.56,6
0539.0331,10.56,6
0539.1969,10.56,6
0539.3608,10.56,6
0539.5247,10.56,6
0539.6886,10.56,6
0539.8525,10.56,6
0540.0164,10.56,6
0540.1803,10.56,6
0540.3442,10.56,6
0540.5081,10.56,6
0540.6719,10.56,6
0540.8358,10.56,6
0540.9997,10.56,6
0541.1636,10.56,6
0541.3275,10.56,6
0541.4914,10.57,6
0541.6553,10.56,6
0541.8192,10.57,6
0541.9831,10.57,6
0542.1470,10.57,6
0542.3108,10.57,6
0542.4747,10.57,6
0542.6386,10.57,6
0542.8025,10.57,6
0542.9664,10.57,6
0543.1303,10.57,6
0543.2942,10.57,6
0543.4581,10.58,6
0543.6220,10.58,6
0543.7859,10.58,6
0543.9497,10.58,6
0544.1136,10.58,6
0544.2775,10.58,6
0544.4414,10.58,6
0544.6053,10.59,6
0544.7692,10.59,6
0544.9331,10.59,6
0545.0970,10.59,6
0545.2609,10.59,6
0545.4247,10.60,6
0545.5886,10.60,6
0545.7525,10.60,6
0545.9164,10.60,6
0546.0803,10.61,6
0546.2442,10.60,6
0546.4081,10.60,6
0546.5720,10.61,6
0546.7359,10.61,6
0546.8998,10.61,6
0547.0636,10.62,6
0547.2275,10.62,6
0547.3914,10.62,6
0547.5553,10.62,6
0547.7192,10.62,6
0547.8831,10.62,6
0548.0470,10.62,6
0548.2109,10.62,6
0548.3748,10.62,6
0548.5387,10.63,6
0548.7025,10.63,6
0548.8664,10.64,6
0549.0303,10.64,6
0549.1942,10.64,6
0549.3581,10.64,6
0549.5220,10.65,6
0549.6859,10.65,6
0549.8498,10.65,6
0550.0137,10.65,6
0550.1775,10.65,6
0550.3414,10.65,6
0550.5053,10.65,6
0550.6692,10.65,6
0550.8331,10.66,6
0550.9970,10.66,6
0551.1609,10.66,6
0551.3248,10.66,6
0551.4887,10.66,6
0551.6526,10.66,6
0551.8164,10.66,6
0551.9803,10.66,6
0552.1442,10.66,6
0552.3081,10.67,6
0552.4720,10.67,6
0552.6359,10.67,6
0552.7998,10.67,6
0552.9637,10.67,6
0553.1276,10.67,6
0553.2915,10.67,6
0553.4553,10.67,6
0553.6192,10.67,6
0553.7831,10.67,6
0553.9470,10.67,6
0554.1109,10.68,6
0554.2748,10.68,6
0554.4387,10.68,6
0554.6026,10.68,6
0554.7665,10.68,6
0554.9303,10.68,6
0555.0942,10.68,6
0555.2581,10.68,6
0555.4220,10.68,6
0555.5859,10.68,6
0555.7498,10.68,6
0555.9137,10.69,6
0556.0776,10.69,6
0556.2415,10.69,6
0556.4054,10.69,6
0556.5692,10.69,6
0556.7331,10.69,6
0556.8970,10.69,6
0557.0609,10.68,6
0557.2248,10.68,6
0557.3887,10.68,6
0557.5526,10.68,6
0557.7165,10.68,6
0557.8804,10.68,6
0558.0443,10.68,6
0558.2081,10.68,6
0558.3720,10.68,6
0558.5359,10.69,6
0558.6998,10.69,6
0558.8637,10.68,6
0559.0276,10.68,6
0559.1915,10.68,6
0559.3554,10.68,6
0559.5193,10.68,6
0559.6831,10.68,6
0559.8470,10.68,6
0560.0109,10.68,6
0560.1748,10.68,6
0560.3387,10.68,6
0560.5026,10.69,6
0560.6665,10.68,6
0560.8304,10.68,6
0560.9943,10.68,6
0561.1582,10.68,6
0561.3220,10.68,6
0561.4859,10.68,6
0561.6498,10.68,6
0561.8137,10.68,6
0561.9776,10.69,6
0562.1415,10.69,6
0562.3054,10.69,6
0562.4693,10.69,6
0562.6332,10.69,6
0562.7970,10.68,6
0562.9609,10.68,6
0563.1248,10.69,6
0563.2887,10.69,6
0563.4526,10.69,6
0563.6165,10.69,6
0563.7804,10.69,6
0563.9443,10.69,6
0564.1082,10.69,6
0564.2721,10.70,6
0564.4359,10.69,6
0564.5998,10.69,6
0564.7637,10.69,6
0564.9276,10.69,6
0565.0915,10.70,6
0565.2554,10.70,6
0565.4193,10.70,6
0565.5832,10.70,6
0565.7471,10.70,6
0565.9110,10.71,6
0566.0748,10.71,6
0566.2387,10.71,6
0566.4026,10.71,6
0566.5665,10.71,6
0566.7304,10.71,6
0566.8943,10.72,6
0567.0582,10.72,6
0567.2221,10.73,6
0567.3860,10.73,6
0567.5498,10.73,6
0567.7137,10.73,6
0567.8776,10.73,6
0568.0415,10.73,6
0568.2054,10.73,6
0568.3693,10.73,6
0568.5332,10.74,6
0568.6971,10.74,6
0568.8610,10.75,6
0569.0249,10.75,6
0569.1887,10.76,6
0569.3526,10.76,6
0569.5165,10.77,6
0569.6804,10.77,6
0569.8443,10.77,6
0570.0082,10.77,6
0570.1721,10.77,6
0570.3360,10.77,6
0570.4999,10.77,6
0570.6638,10.78,6
0570.8276,10.78,6
0570.9915,10.79,6
0571.1554,10.79,6
0571.3193,10.79,6
0571.4832,10.80,6
0571.6471,10.80,6
0571.8110,10.81,6
0571.9749,10.81,6
0572.1388,10.81,6
0572.3026,10.81,6
0572.4665,10.82,6
0572.6304,10.82,6
0572.7943,10.82,6
0572.9582,10.82,6
0573.1221,10.83,6
0573.2860,10.83,6
0573.4499,10.84,6
0573.6138,10.84,6
0573.7777,10.84,6
0573.9415,10.84,6
0574.1054,10.84,6
0574.2693,10.84,6
0574.4332,10.84,6
0574.5971,10.85,6
0574.7610,10.85,6
0574.9249,10.85,6
0575.0888,10.86,6
0575.2527,10.86,6
0575.4166,10.87,6
0575.5804,10.87,6
0575.7443,10.87,6
0575.9082,10.87,6
0576.0721,10.87,6
0576.2360,10.88,6
0576.3999,10.88,6
0576.5638,10.88,6
0576.7277,10.88,6
0576.8916,10.88,6
0577.0554,10.89,6
0577.2193,10.90,6
0577.3832,10.90,6
0577.5471,10.90,6
0577.7110,10.90,6
0577.8749,10.90,6
0578.0388,10.91,6
0578.2027,10.91,6
0578.3666,10.91,6
0578.5305,10.91,6
0578.6943,10.91,6
0578.8582,10.91,6
0579.0221,10.92,6
0579.1860,10.92,6
0579.3499,10.92,6
0579.5138,10.92,6
0579.6777,10.92,6
0579.8416,10.93,6
0580.0055,10.93,6
0580.1694,10.93,6
0580.3332,10.92,6
0580.4971,10.92,6
0580.6610,10.93,6
0580.8249,10.93,6
0580.9888,10.93,6
0581.1527,10.93,6
0581.3166,10.93,6
0581.4805,10.93,6
0581.6444,10.94,6
0581.8082,10.94,6
0581.9721,10.94,6
0582.1360,10.94,6
0582.2999,10.94,6
0582.4638,10.95,6
0582.6277,10.95,6
0582.7916,10.96,6
0582.9555,10.96,6
0583.1194,10.96,6
0583.2833,10.96,6
0583.4471,10.97,6
0583.6110,10.98,6
0583.7749,10.98,6
0583.9388,10.97,6
0584.1027,10.97,6
0584.2666,10.98,6
0584.4305,10.98,6
0584.5944,10.99,6
0584.7583,10.99,6
0584.9222,10.99,6
0585.0860,11.00,6
0585.2499,11.00,6
0585.4138,11.01,6
0585.5777,11.01,6
0585.7416,11.01,6
0585.9055,11.01,6
0586.0694,11.01,6
0586.2333,11.02,6
0586.3972,11.02,6
0586.5610,11.03,6
0586.7249,11.03,6
0586.8888,11.03,6
0587.0527,11.03,6
0587.2166,11.04,6
0587.3805,11.05,6
0587.5444,11.05,6
0587.7083,11.05,6
0587.8722,11.05,6
0588.0361,11.05,6
0588.1999,11.06,6
0588.3638,11.07,6
0588.5277,11.07,6
0588.6916,11.07,6
0588.8555,11.07,6
0589.0194,11.08,6
0589.1833,11.09,6
0589.3472,11.09,6
0589.5111,11.08,6
0589.6750,11.08,6
0589.8388,11.09,6
0590.0027,11.09,6
0590.1666,11.09,6
0590.3305,11.09,6
0590.4944,11.09,6
0590.6583,11.10,6
0590.8222,11.10,6
0590.9861,11.11,6
0591.1500,11.11,6
0591.3138,11.10,6
0591.4777,11.10,6
0591.6416,11.11,6
0591.8055,11.11,6
0591.9694,11.11,6
0592.1333,11.11,6
0592.2972,11.11,6
0592.4611,11.11,6
0592.6250,11.12,6
0592.7889,11.12,6
0592.9527,11.12,6
0593.1166,11.12,6
0593.2805,11.12,6
0593.4444,11.12,6
0593.6083,11.13,6
0593.7722,11.12,6
0593.9361,11.12,6
0594.1000,11.12,6
0594.2639,11.12,6
0594.4278,11.13,6
0594.5916,11.13,6
0594.7555,11.13,6
0594.9194,11.12,6
0595.0833,11.12,6
0595.2472,11.12,6
0595.4111,11.13,6
0595.5750,11.13,6
0595.7389,11.12,6
0595.9028,11.12,6
0596.0666,11.12,6
0596.2305,11.12,6
0596.3944,11.13,6
0596.5583,11.13,6
0596.7222,11.13,6
0596.8861,11.12,6
0597.0500,11.12,6
0597.2139,11.12,6
0597.3778,11.12,6
0597.5417,11.12,6
0597.7055,11.12,6
0597.8694,11.12,6
0598.0333,11.12,6
0598.1972,11.13,6
0598.3611,11.13,6
0598.5250,11.13,6
0598.6889,11.13,6
0598.8528,11.13,6
0599.0167,11.13,6
0599.1806,11.13,6
0599.3444,11.13,6
0599.5083,11.13,6
0599.6722,11.14,6
0599.8361,11.14,6
